131146	6	1
131561	16	1
131181	6	1
131563	16	1
131125	6	1
131565	16	1
131201	6	1
131567	16	1
131205	6	1
131569	16	1
131230	6	1
131571	16	1
131210	6	1
131573	16	1
131083	6	1
131575	16	1
131152	6	1
131577	16	1
131101	6	1
131579	16	1
131143	6	1
131581	16	1
131131	6	1
131583	16	1
131187	6	1
131585	16	1
131172	6	1
131587	16	1
131065	6	1
131589	16	1
131073	6	1
131591	16	1
131113	6	1
131593	16	1
131109	6	1
131595	16	1
131072	6	1
131597	16	1
131119	6	1
131599	16	1
131189	6	1
131601	16	1
131159	6	1
131603	16	1
131161	6	1
131605	16	1
131160	6	1
131607	16	1
131186	6	1
131609	16	1
131075	6	1
131611	16	1
131103	6	1
131613	16	1
131183	6	1
131615	16	1
131102	6	1
131617	16	1
131079	6	1
131619	16	1
131069	6	1
131621	16	1
131180	6	1
131623	16	1
131185	6	1
131625	16	1
131110	6	1
131627	16	1
131106	6	1
131629	16	1
131077	6	1
131631	16	1
131163	6	1
131633	16	1
131166	6	1
131635	16	1
131154	6	1
131637	16	1
131175	6	1
131639	16	1
131099	6	1
131641	16	1
131097	6	1
131643	16	1
131089	6	1
131645	16	1
131121	6	1
131647	16	1
131120	6	1
131649	16	1
131068	6	1
131651	16	1
131178	6	1
131653	16	1
131078	6	1
131655	16	1
131149	6	1
131657	16	1
131136	6	1
131659	16	1
131074	6	1
131661	16	1
131081	6	1
131663	16	1
131122	6	1
131665	16	1
131157	6	1
131667	16	1
131085	6	1
131669	16	1
131128	6	1
131671	16	1
131142	6	1
131673	16	1
131066	6	1
131675	16	1
131145	6	1
131677	16	1
131088	6	1
131679	16	1
131132	6	1
131681	16	1
131129	6	1
131683	16	1
131137	6	1
131685	16	1
131182	6	1
131687	16	1
131064	6	1
131689	16	1
131141	6	1
131691	16	1
131168	6	1
131693	16	1
131076	6	1
131695	16	1
131112	6	1
131697	16	1
131094	6	1
131699	16	1
131167	6	1
131701	16	1
131104	6	1
131703	16	1
131176	6	1
131705	16	1
131151	6	1
131707	16	1
131188	6	1
131709	16	1
131092	6	1
131711	16	1
131170	6	1
131713	16	1
131084	6	1
131715	16	1
131115	6	1
131717	16	1
131105	6	1
131719	16	1
131165	6	1
131721	16	1
131179	6	1
131723	16	1
131116	6	1
131725	16	1
131093	6	1
131727	16	1
131082	6	1
131729	16	1
131144	6	1
131731	16	1
131135	6	1
131733	16	1
131150	6	1
131735	16	1
131070	6	1
131737	16	1
131156	6	1
131739	16	1
131107	6	1
131741	16	1
131171	6	1
131743	16	1
131133	6	1
131745	16	1
131095	6	1
131747	16	1
131177	6	1
131749	16	1
131153	6	1
131751	16	1
131130	6	1
131753	16	1
131123	6	1
131755	16	1
131140	6	1
131757	16	1
131096	6	1
131759	16	1
131090	6	1
131761	16	1
131174	6	1
131763	16	1
131147	6	1
131765	16	1
131138	6	1
131767	16	1
131217	6	1
131769	16	1
131207	6	1
131771	16	1
131139	6	1
131773	16	1
131164	6	1
131775	16	1
131117	6	1
131777	16	1
131155	6	1
131779	16	1
131569	6	1
131781	16	1
131901	6	1
131783	16	1
131218	6	1
131785	16	1
131215	6	1
131787	16	1
131583	6	1
131789	16	1
131227	6	1
131791	16	1
131655	6	1
131793	16	1
132884	6	1
131795	16	1
132875	6	1
131797	16	1
132887	6	1
131799	16	1
132881	6	1
131801	16	1
132878	6	1
131803	16	1
132866	6	1
131805	16	1
132902	6	1
131807	16	1
132899	6	1
131809	16	1
132896	6	1
131811	16	1
132893	6	1
131813	16	1
132890	6	1
131815	16	1
132872	6	1
131817	16	1
132869	6	1
131819	16	1
132863	6	1
131821	16	1
132860	6	1
131823	16	1
132857	6	1
131825	16	1
132854	6	1
131827	16	1
132851	6	1
131829	16	1
132848	6	1
131831	16	1
132845	6	1
131833	16	1
132842	6	1
131835	16	1
132839	6	1
131837	16	1
132836	6	1
131839	16	1
132833	6	1
131841	16	1
132830	6	1
131843	16	1
132827	6	1
131845	16	1
132652	6	1
131847	16	1
132586	6	1
131849	16	1
132516	6	1
131851	16	1
132436	6	1
131853	16	1
131669	6	1
131855	16	1
131843	6	1
131857	16	1
131739	6	1
131859	16	1
131585	6	1
131861	16	1
131699	6	1
131863	16	1
132720	6	1
131865	16	1
131879	6	1
131867	16	1
131589	6	1
131869	16	1
131204	6	1
131871	16	1
131575	6	1
131873	16	1
131199	6	1
131875	16	1
131881	6	1
131877	16	1
131781	6	1
131879	16	1
131158	6	1
131881	16	1
131567	6	1
131883	16	1
131865	6	1
131885	16	1
131825	6	1
131887	16	1
131118	6	1
131889	16	1
131098	6	1
131891	16	1
131621	6	1
131893	16	1
131759	6	1
131895	16	1
131071	6	1
131897	16	1
131883	6	1
131899	16	1
131745	6	1
131901	16	1
131080	6	1
131903	16	1
131231	6	1
131905	16	1
132285	6	1
131907	16	1
131785	6	1
131909	16	1
132309	6	1
131911	16	1
131845	6	1
131913	16	1
131617	6	1
131915	16	1
131196	6	1
131917	16	1
131209	6	1
131919	16	1
131087	6	1
131921	16	1
131587	6	1
131923	16	1
131915	6	1
131925	16	1
131899	6	1
131927	16	1
131100	6	1
131929	16	1
131194	6	1
131931	16	1
131627	6	1
131933	16	1
131667	6	1
132271	16	1
132283	6	1
132273	16	1
131773	6	1
132275	16	1
131108	6	1
132277	16	1
131821	6	1
132279	16	1
132293	6	1
132281	16	1
131919	6	1
132283	16	1
131771	6	1
132285	16	1
131875	6	1
132287	16	1
131755	6	1
132289	16	1
131769	6	1
132291	16	1
131867	6	1
132293	16	1
131703	6	1
132295	16	1
131857	6	1
132297	16	1
131067	6	1
132299	16	1
131887	6	1
132301	16	1
131591	6	1
132303	16	1
131184	6	1
132305	16	1
131162	6	1
132307	16	1
131619	6	1
132309	16	1
131219	6	1
132311	16	1
131565	6	1
132313	16	1
131114	6	1
132315	16	1
131603	6	1
132317	16	1
131789	6	1
132319	16	1
131134	6	1
132321	16	1
132281	6	1
132432	16	1
131927	6	1
132434	16	1
131212	6	1
132436	16	1
132299	6	1
132438	16	1
131813	6	1
132440	16	1
131795	6	1
132442	16	1
131707	6	1
132444	16	1
131657	6	1
132514	16	1
131221	6	1
132516	16	1
131631	6	1
132518	16	1
131863	6	1
132584	16	1
131673	6	1
132586	16	1
131111	6	1
132588	16	1
131192	6	1
132650	16	1
131823	6	1
132652	16	1
131747	6	1
132654	16	1
131203	6	1
132718	16	1
131679	6	1
132720	16	1
131859	6	1
132722	16	1
131697	6	1
132805	16	1
131200	6	1
132807	16	1
132295	6	1
132813	16	1
131749	6	1
132827	16	1
131671	6	1
132830	16	1
131615	6	1
132833	16	1
131811	6	1
132836	16	1
131220	6	1
132839	16	1
131645	6	1
132842	16	1
131197	6	1
132845	16	1
131777	6	1
132848	16	1
131911	6	1
132851	16	1
131913	6	1
132854	16	1
131629	6	1
132857	16	1
132718	6	1
132860	16	1
132650	6	1
132863	16	1
132514	6	1
132866	16	1
132432	6	1
132869	16	1
132277	6	1
132872	16	1
131815	6	1
132875	16	1
131597	6	1
132878	16	1
131226	6	1
132881	16	1
131579	6	1
132884	16	1
131211	6	1
132887	16	1
132271	6	1
132890	16	1
131833	6	1
132893	16	1
131232	6	1
132896	16	1
131193	6	1
132899	16	1
131793	6	1
132902	16	1
132905	11	2
132906	11	2
132907	11	2
131169	6	1
131661	6	1
131735	6	1
131729	6	1
131819	6	1
131127	6	1
131126	6	1
132305	6	1
131685	6	1
132444	6	1
132319	6	1
131929	6	1
131561	6	1
131787	6	1
131637	6	1
131635	6	1
131222	6	1
131206	6	1
131086	6	1
131643	6	1
131649	6	1
131641	6	1
131717	6	1
131757	6	1
132722	6	1
132317	6	1
132813	6	1
132807	6	1
132654	6	1
132588	6	1
132518	6	1
132442	6	1
131893	6	1
131653	6	1
131779	6	1
131571	6	1
131839	6	1
131753	6	1
131611	6	1
131709	6	1
131223	6	1
131741	6	1
131701	6	1
131681	6	1
131625	6	1
131173	6	1
131229	6	1
131639	6	1
131885	6	1
131805	6	1
131214	6	1
131711	6	1
131693	6	1
131599	6	1
131659	6	1
132301	6	1
131687	6	1
132287	6	1
131563	6	1
131907	6	1
131921	6	1
131853	6	1
131763	6	1
131689	6	1
131216	6	1
131891	6	1
132805	6	1
131765	6	1
131903	6	1
131751	6	1
131855	6	1
131775	6	1
132311	6	1
131695	6	1
132434	6	1
131817	6	1
131633	6	1
131933	6	1
131761	6	1
131124	6	1
131849	6	1
131733	6	1
131719	6	1
132440	6	1
132291	6	1
131767	6	1
131809	6	1
131705	6	1
131831	6	1
131791	6	1
131889	6	1
132303	6	1
131835	6	1
131731	6	1
131675	6	1
131148	6	1
131725	6	1
131691	6	1
131191	6	1
131877	6	1
131917	6	1
131799	6	1
132273	6	1
131593	6	1
132315	6	1
131873	6	1
131195	6	1
132289	6	1
131573	6	1
131925	6	1
131208	6	1
132307	6	1
131190	6	1
131847	6	1
131609	6	1
131224	6	1
131895	6	1
132584	6	1
131623	6	1
131601	6	1
131727	6	1
131647	6	1
131743	6	1
132313	6	1
131871	6	1
131613	6	1
132275	6	1
131607	6	1
131228	6	1
131202	6	1
131605	6	1
131923	6	1
131715	6	1
131869	6	1
131861	6	1
131837	6	1
131683	6	1
131091	6	1
131829	6	1
131801	6	1
131807	6	1
132321	6	1
131931	6	1
131665	6	1
131677	6	1
131909	6	1
131897	6	1
131841	6	1
131851	6	1
131577	6	1
132297	6	1
131198	6	1
131783	6	1
131827	6	1
131713	6	1
131737	6	1
131797	6	1
131213	6	1
131581	6	1
132279	6	1
131721	6	1
131595	6	1
132438	6	1
131723	6	1
131553	6	1
131651	6	1
131663	6	1
131538	6	1
131905	6	1
131539	6	1
131541	6	1
131557	6	1
131544	6	1
131555	6	1
131537	6	1
131803	6	1
131547	6	1
131548	6	1
131545	6	1
131552	6	1
131543	6	1
131540	6	1
131556	6	1
131554	6	1
131560	6	1
131559	6	1
131558	6	1
131546	6	1
131550	6	1
131549	6	1
131542	6	1
131551	6	1
132907	6	1
131225	6	1
131550	367	1
131545	367	2
131551	367	3
131552	367	4
131542	367	5
131555	367	6
131559	367	7
131560	367	8
131540	367	9
131544	367	10
131556	367	11
131546	367	12
131541	367	13
131547	367	14
131558	367	15
131549	367	16
131554	367	17
131548	367	18
131537	367	19
131538	367	20
131543	367	21
131557	367	22
131539	367	23
131553	367	24
132907	367	25
1001653502	11	2
1002619430	11	2
101230395	11	2
131687	368	7
131781	368	1
131625	368	3
132432	368	2
132718	368	2
132586	368	58
131579	368	1
131609	368	1
1003662612	368	2
131551	353	1284
132287	368	8
1003662610	368	5
132584	368	2
131649	368	2
131679	368	2
132434	368	5
131631	368	1
131577	368	5
132436	368	66
131673	368	1
131542	353	1292
131675	368	1
131693	368	3
131669	368	39
132271	368	1
131723	368	2
131552	353	1109
131683	368	6
131697	368	3
131699	368	1
131677	368	3
1003662618	368	2
131659	368	14
2006216519	368	3
131655	368	3
131643	368	1
132279	368	6
131645	368	4
131647	368	2
132283	368	4
131689	368	1
1003662596	368	4
132720	368	63
132516	368	64
131637	368	1
131559	353	1066
132281	368	6
132285	368	75
131691	368	1
131573	368	2
131629	368	2
131605	368	5
131593	368	1
1003662608	368	2
131545	353	1767
1003662606	368	5
131587	368	1
131615	368	2
131623	368	3
131613	368	3
131621	368	2
131611	368	1
131617	368	1
2006216505	368	7
131667	368	4
131657	368	1
131695	368	3
132514	368	3
132277	368	2
131627	368	3
131561	368	6
132650	368	2
131651	368	1
132652	368	70
131599	368	1
131555	353	1150
131563	368	1
131569	368	6
131571	368	1
1003662604	368	4
131565	368	3
131663	368	3
131685	368	5
131641	368	1
131635	368	1
131653	368	1
131665	368	2
132289	368	2
1003662602	368	1
1003662600	368	3
2006216539	368	2
131550	353	2092
1003662598	368	5
131567	368	6
132273	368	1
131591	368	1
131607	368	4
132275	368	4
131583	368	3
131589	368	2
1003662596	6	1
1003662596	16	1
1003662596	312	2014-12-11 14:26:40
1003662598	6	1
1003662598	16	1
1003662598	312	2014-12-11 14:26:40
1003662600	6	1
1003662600	16	1
1003662600	312	2014-12-11 14:26:40
1003662602	6	1
1003662602	16	1
1003662602	312	2014-12-11 14:26:40
1003662604	6	1
1003662604	16	1
1003662604	312	2014-12-11 14:26:40
1003662606	6	1
1003662606	16	1
1003662606	312	2014-12-11 14:26:40
1003662608	6	1
1003662608	16	1
1003662608	312	2014-12-11 14:26:40
1003662610	6	1
1003662610	16	1
1003662610	312	2014-12-11 14:26:40
1003662612	6	1
1003662612	16	1
1003662612	312	2014-12-11 14:26:40
1003662614	6	1
1003662614	16	1
1003662614	312	2014-12-11 14:26:40
1003662616	6	1
1003662616	16	1
1003662616	313	2014-12-11 14:26:40
1003662618	6	1
1003662618	16	1
1003662618	312	2014-12-11 14:26:40
1003662620	6	1
1003662620	16	1
1003662620	312	2014-12-11 14:26:40
1003662622	6	1
1003662622	16	1
1003662622	312	2014-12-11 14:26:40
1003662624	6	1
1003662624	16	1
1003662624	312	2014-12-11 14:26:40
1003662626	6	1
1003662626	16	1
1003662626	312	2014-12-11 14:26:40
1003662628	6	1
1003662628	16	1
1003662628	312	2014-12-11 14:26:40
1003662630	6	1
1003662630	16	1
1003662630	313	2014-12-11 14:26:40
1003662632	6	1
1003662632	16	1
1003662632	312	2014-12-11 14:26:40
1003662634	6	1
1003662634	16	1
1003662634	312	2014-12-11 14:26:40
1003662636	6	1
1003662636	16	1
1003662636	312	2014-12-11 14:26:40
1003662638	6	1
1003662638	16	1
1003662638	312	2014-12-11 14:26:40
1003662640	6	1
1003662640	16	1
1003662640	312	2014-12-11 14:26:40
1003662642	6	1
1003662642	16	1
1003662642	312	2014-12-11 14:26:40
1003662644	6	1
1003662644	16	1
1003662644	312	2014-12-11 14:26:40
1003662646	6	1
1003662646	16	1
1003662646	312	2014-12-11 14:26:40
1003662648	6	1
1003662648	16	1
1003662648	312	2014-12-11 14:26:40
1003662650	6	1
1003662650	16	1
1003662650	313	2014-12-11 14:26:40
1003662652	6	1
1003662652	16	1
1003662652	313	2014-12-11 14:26:40
1003662654	6	1
1003662654	16	1
1003662654	312	2014-12-11 14:26:40
2006447012	388	2
131931	368	4
131539	353	665
132321	368	2
131715	368	4
131719	368	4
131717	368	2
131727	368	2
131560	353	1119
131711	368	1
131725	368	8
131707	368	5
131709	368	13
131713	368	1
131737	368	1
131731	368	1
131733	368	3
1003662620	368	6
131540	353	843
131759	368	1
131753	368	2
1003662630	368	3
131757	368	1
132293	368	1
131749	368	5
132291	368	1
132440	368	2
131747	368	4
131556	353	1131
1003662632	368	8
131751	368	8
132295	368	5
131739	368	2
131745	368	5
131743	368	3
1003662624	368	4
131544	353	971
131767	368	1
131775	368	3
131777	368	1
131779	368	1
131783	368	3
131765	368	5
1003662634	368	5
131546	353	1269
1003662638	368	1
1003662640	368	1
131789	368	2
131541	353	656
1003662644	368	2
132438	368	3
1003662646	368	1
131807	368	6
131805	368	1
131801	368	2
131803	368	10
131547	353	916
132301	368	22
131821	368	1
131819	368	2
131815	368	2
131817	368	4
131809	368	8
132299	368	1
131813	368	1
131811	368	2
131558	353	1031
131829	368	20
131833	368	2
131823	368	4
131549	353	1060
131849	368	14
132307	368	5
131835	368	8
131847	368	1
132305	368	1
131843	368	2
131554	353	1229
131839	368	2
2006292501	368	1
131837	368	2
132311	368	19
131841	368	37
131867	368	3
131871	368	2
131863	368	2
131873	368	1
132313	368	2
131548	353	665
131895	368	3
131901	368	1
131899	368	2
131538	353	638
131897	368	1
2006447036	368	1
132827	368	1
132878	368	1
132896	368	1
132857	368	1
2006446538	387	2
132839	368	1
132438	370	1
132518	368	1
2006216537	368	2
132890	368	1
132842	368	1
1003662648	368	4
132851	368	1
132902	368	1
132863	368	1
131883	368	1
131891	368	4
131885	368	2
132813	368	13
132293	387	1
132588	368	1
131881	368	3
132442	368	2
131541	67	395
132869	368	1
2006446538	410	3
132887	368	1
2006446530	369	12
132836	368	1
132307	369	9
132872	368	1
132848	368	1
131745	370	1
132866	368	1
131817	370	1
131537	353	918
132854	368	1
132830	368	1
132860	368	1
132881	368	1
131591	369	1
132899	368	1
2006447044	447	2
132875	368	1
132893	368	1
131546	408	38
132884	368	1
132833	368	1
131829	447	13
132845	368	1
2006216537	370	2
132654	368	1
131546	67	653
131893	368	2
131546	64	1034
132722	368	3
131825	410	1
132807	368	1
2006446538	368	17
132317	368	1
2006447026	369	2
131553	353	107
2006447044	370	5
131921	368	7
131546	390	940
131919	368	3
2006369793	387	1
1003662652	368	2
2006446528	410	1
132319	368	3
2006369801	368	1
131917	368	1
2006216511	368	1
131923	368	1
131745	388	1
131925	368	2
1003662614	368	1
131557	353	541
2006446526	369	22
132444	368	4
2006446538	370	5
131929	368	2
131546	413	13
1003662650	368	3
2006446538	388	1
131927	368	2
131797	368	3
131913	368	1
2006446530	387	4
131909	368	3
2006216537	369	3
131907	368	3
2006446538	447	14
131915	368	2
131546	444	115
131543	353	425
2006447040	387	1
132907	353	24
131547	389	237
131225	353	2
131825	369	1
131138	353	2
2006446530	409	1
131202	353	1
131547	408	25
131190	353	5
2006369789	369	12
131224	353	5
2006292491	368	2
131215	353	3
132285	369	163
131212	353	4
2006139913	368	4
131226	353	2
2006447036	447	1
131191	353	1
2006446530	447	2
131114	353	1
131797	447	3
131214	353	4
131815	369	4
131108	353	7
132285	387	16
131127	353	6
1003662634	369	5
131148	353	1
132285	409	2
131223	353	1
132720	410	1
131071	353	1
2006447008	369	1
2006139917	368	2
131098	353	1
132285	447	45
131080	353	4
131560	389	206
131181	353	6
2006447008	387	1
131126	353	1
131540	67	689
131200	353	9
2006216527	368	3
131216	353	3
2006447008	447	1
131229	353	1
132650	370	2
131211	353	2
131695	447	3
131222	353	2
2006369807	447	3
131193	353	2
131687	447	7
131206	353	2
2006369789	387	2
131067	353	4
2006447026	370	1
2006139921	368	1
132438	369	2
131773	368	1
131703	368	3
2006216513	368	2
131705	368	3
132297	368	3
131538	10	14919252
2006139913	6	1
2006139913	16	1
2006139913	312	2015-05-01 15:08:46
2006139915	6	1
2006139915	16	1
2006139915	312	2015-05-01 15:08:46
2006139917	6	1
2006139917	16	1
2006139917	312	2015-05-01 15:08:46
2006139919	6	1
2006139919	16	1
2006139919	312	2015-05-01 15:08:46
2006139921	6	1
2006139921	16	1
2006139921	312	2015-05-01 15:08:46
2006139923	6	1
2006139923	16	1
2006139923	312	2015-05-01 15:08:46
2006139925	6	1
2006139925	16	1
2006139925	313	2015-05-01 15:08:46
2006139927	6	1
2006139927	16	1
2006139927	313	2015-05-01 15:08:46
131560	408	16
2006139925	368	17
131825	368	3
131827	368	3
131857	368	2
2006369793	368	3
131855	368	1
131851	368	1
132303	368	4
131853	368	1
131859	368	1
131875	368	5
2006216525	368	1
132315	368	1
2006446649	369	1
132285	410	2
131889	368	1
2006447000	368	2
2006292495	368	1
2006369787	368	2
2006216529	368	1
2006292499	368	1
2006446536	368	1
2006447018	368	5
131553	10	487868
2006216505	6	1
2006216505	16	1
2006216505	313	2015-09-29 13:02:51
2006216507	6	1
2006216507	16	1
2006216507	313	2015-09-29 13:02:51
2006216509	6	1
2006216509	16	1
2006216509	313	2015-09-29 13:02:51
2006216511	6	1
2006216511	16	1
2006216511	313	2015-09-29 13:02:51
2006216513	6	1
2006216513	16	1
2006216513	313	2015-09-29 13:02:51
2006216515	6	1
2006216515	16	1
2006216515	313	2015-09-29 13:02:51
2006216517	6	1
2006216517	16	1
2006216517	313	2015-09-29 13:02:51
2006216519	6	1
2006216519	16	1
2006216519	312	2015-09-29 13:02:51
2006216521	6	1
2006216521	16	1
2006216521	313	2015-09-29 13:02:51
2006216523	6	1
2006216523	16	1
2006216523	313	2015-09-29 13:02:51
2006216525	6	1
2006216525	16	1
2006216525	313	2015-09-29 13:02:51
2006216527	6	1
2006216527	16	1
2006216527	312	2015-09-29 13:02:51
2006216529	6	1
2006216529	16	1
2006216529	312	2015-09-29 13:02:51
2006216531	6	1
2006216531	16	1
2006216531	313	2015-09-29 13:02:51
2006216533	6	1
2006216533	16	1
2006216533	313	2015-09-29 13:02:51
2006216535	6	1
2006216535	16	1
2006216535	313	2015-09-29 13:02:51
2006216537	6	1
2006216537	16	1
2006216537	313	2015-09-29 13:02:51
2006216539	6	1
2006216539	16	1
2006216539	313	2015-09-29 13:02:51
2006216541	6	1
2006216541	16	1
2006216541	313	2015-09-29 13:02:51
2006216543	6	1
2006216543	16	1
2006216543	312	2015-09-29 13:02:51
2006216545	6	1
2006216545	16	1
2006216545	312	2015-09-29 13:02:51
2006216547	6	1
2006216547	16	1
2006216547	313	2015-09-29 13:02:51
2006216549	6	1
2006216549	16	1
2006216549	313	2015-09-29 13:02:51
131591	447	1
2006446524	368	3
2006216543	368	3
2006447034	369	2
2006216545	368	9
131560	67	649
2006292493	368	13
2006216549	368	2
132285	370	97
2006369785	368	3
2006216547	368	2
131815	370	18
131537	10	14738193
1003662634	387	3
2006292497	368	1
2006369789	368	11
2006446625	368	1
131541	10	22837783
2006292491	6	1
2006292491	16	1
2006292491	313	2016-05-06 15:38:13
2006292493	6	1
2006292493	16	1
2006292493	313	2016-05-06 15:38:13
2006292495	6	1
2006292495	16	1
2006292495	312	2016-05-06 15:38:13
2006292497	6	1
2006292497	16	1
2006292497	313	2016-05-06 15:38:13
2006292499	6	1
2006292499	16	1
2006292499	312	2016-05-06 15:38:13
2006292501	6	1
2006292501	16	1
2006292501	312	2016-05-06 15:38:13
2006292503	6	1
2006292503	16	1
2006292503	313	2016-05-06 15:38:13
2006292505	6	1
2006292505	16	1
2006292505	312	2016-05-06 15:38:13
2006446356	16	1
2006446356	314	1
2006446357	6	1
2006446357	16	1
2006446357	314	1
2006446358	6	1
2006446358	16	1
2006446358	314	1
2006446359	6	1
2006446359	16	1
2006446359	314	1
2006446360	6	1
2006446360	16	1
2006446360	314	1
2006446361	6	1
2006446361	16	1
2006446361	314	1
2006446362	6	1
2006446362	16	1
2006446362	314	1
2006446363	6	1
2006446363	16	1
2006446363	314	1
2006446364	6	1
2006446364	16	1
2006446364	314	1
2006446365	6	1
2006446365	16	1
2006446365	314	1
2006446366	6	1
2006446366	16	1
2006446366	314	1
2006446366	145	30596 30596 C
2006446366	145	9595 9595 T
2006446367	6	1
2006446367	16	1
2006446367	314	1
2006446368	6	1
2006446368	16	1
2006446368	314	1
2006446369	6	1
2006446369	16	1
2006446369	314	1
2006446370	6	1
2006446370	16	1
2006446370	314	1
2006446370	145	145881 145881 A
2006447285	145	16533 16533 C
2006447285	145	16890 16890 C
2006447285	145	62516 62516 T
2006447285	314	1
2006447285	16	1
2006447285	6	1
2006447283	145	37527 37527 C
2006447283	314	1
2006447283	16	1
2006447283	6	1
2006447281	145	727452 727452 G
2006447281	145	677396 677396 A
2006447281	145	373016 373016 T
2006447281	145	259868 259868 C
2006447281	314	1
2006446374	6	1
2006446374	16	1
2006446374	314	1
2006446375	6	1
2006446375	16	1
2006446375	314	1
2006446375	145	14261 14261 T
2006446375	145	2528 2528 A
2006446375	145	2460 2460 G
2006446376	6	1
2006446376	16	1
2006446376	314	1
2006446377	6	1
2006446377	16	1
2006446377	314	1
2006446378	6	1
2006446378	16	1
2006446378	314	1
2006446379	6	1
2006446379	16	1
2006446379	314	1
2006446380	6	1
2006446380	16	1
2006446380	314	1
2006446381	6	1
2006446381	16	1
2006446381	314	1
2006446382	6	1
2006446382	16	1
2006446382	314	1
2006446382	145	8555 8555 C
2006446651	447	1
2006369783	368	3
2006292503	368	2
1003662634	447	2
2006292505	368	4
132307	370	6
131911	368	1
132285	388	14
132652	369	153
2006447068	368	1
2006369781	368	3
131545	10	56815025
2006446385	16	1
2006446385	314	1
132652	387	16
131554	10	19151157
2006446356	6	1
2006446355	314	1
2006446355	16	1
2006446355	6	1
2006446354	314	1
2006446354	16	1
2006446354	6	1
2006446353	314	1
2006446353	16	1
2006446353	6	1
2006446352	314	1
2006446352	16	1
2006446352	6	1
2006446351	314	1
2006446351	16	1
2006446351	6	1
2006446350	314	1
2006446350	16	1
2006446350	6	1
2006446349	314	1
2006446349	16	1
2006446349	6	1
2006446348	314	1
2006446348	16	1
2006446348	6	1
2006447285	145	10412 10412 G
2006447285	145	12846 12846 T
2006446345	314	1
2006446345	16	1
2006446345	6	1
2006446344	314	1
2006446344	16	1
2006446344	6	1
2006446343	314	1
2006446340	16	1
2006446340	314	1
2006446341	6	1
2006446341	16	1
2006446341	314	1
2006446342	6	1
2006446342	16	1
2006446342	314	1
2006446343	6	1
2006446343	16	1
2006446340	6	1
2006446339	314	1
2006446339	16	1
2006446339	6	1
2006446338	314	1
2006446338	16	1
2006446338	6	1
2006446337	314	1
2006446337	16	1
2006446337	6	1
2006446336	314	1
2006446336	16	1
2006446336	6	1
2006446335	145	12359 12359 C
2006446335	314	1
2006446335	16	1
2006446335	6	1
2006446334	314	1
2006446334	16	1
2006446334	6	1
2006446333	314	1
2006446333	16	1
2006446333	6	1
2006446332	314	1
2006446332	16	1
2006446332	6	1
2006446331	314	1
2006446331	16	1
2006446330	314	1
2006446331	6	1
2006446330	16	1
2006446330	6	1
2006446329	314	1
2006446329	16	1
2006446329	6	1
2006446328	16	1
2006446328	314	1
2006446328	6	1
2006446327	145	5987 5987 C
2006446327	145	7651 7651 G
2006446327	314	1
2006446327	16	1
2006446327	6	1
2006446326	314	1
2006446326	16	1
2006446326	6	1
2006446325	314	1
2006446325	16	1
2006446325	6	1
2006446324	16	1
2006446324	314	1
2006446324	6	1
2006446323	314	1
2006446323	16	1
2006446323	6	1
2006446322	314	1
2006446322	16	1
2006446322	6	1
2006446321	145	31351 31351 A
2006446321	145	1400 1400 C
2006446321	314	1
2006446321	16	1
2006446321	6	1
2006446320	314	1
2006446320	16	1
2006446320	6	1
2006446319	314	1
2006446319	16	1
2006446319	6	1
2006446318	314	1
2006446318	16	1
2006446318	6	1
2006446317	314	1
2006446317	16	1
2006446317	6	1
2006446316	145	20553 20553 T
2006446316	145	5129 5129 C
2006446316	314	1
2006446316	16	1
2006446316	6	1
2006446315	314	1
2006446315	16	1
2006446315	6	1
2006446314	314	1
2006446314	16	1
2006446314	6	1
2006446313	314	1
2006446313	16	1
2006446313	6	1
2006447288	6	1
2006447285	145	2600 2600 G
2006447285	145	5792 5792 C
2006446308	314	1
2006446308	16	1
2006446308	6	1
2006446307	314	1
2006446307	16	1
2006446307	6	1
2006446306	314	1
2006446306	16	1
2006446306	6	1
2006446305	314	1
2006446305	16	1
2006446305	6	1
2006446304	314	1
2006446304	16	1
2006446304	6	1
2006446303	314	1
2006446303	16	1
2006446303	6	1
2006446302	314	1
2006446302	16	1
2006446302	6	1
2006446301	314	1
2006446301	16	1
2006446301	6	1
2006446300	314	1
2006446300	16	1
2006446300	6	1
2006446299	145	34488 34488 T
2006446299	314	1
2006446299	16	1
2006446298	314	1
2006446299	6	1
2006446298	16	1
2006446298	6	1
2006446297	145	9880 9880 C
2006446297	314	1
2006446297	16	1
2006446297	6	1
2006446296	314	1
2006446296	16	1
2006446296	6	1
2006446295	314	1
2006446295	16	1
2006446295	6	1
2006446294	314	1
2006446294	16	1
2006446294	6	1
2006446293	314	1
2006446293	16	1
2006446293	6	1
2006446292	314	1
2006446292	16	1
2006446292	6	1
2006446291	314	1
2006446291	16	1
2006446291	6	1
2006446290	314	1
2006446288	16	1
2006446288	314	1
2006446289	6	1
2006446289	16	1
2006446289	314	1
2006446290	6	1
2006446290	16	1
2006446288	6	1
2006446287	145	7240 7240 C
2006446287	314	1
2006446287	16	1
2006446287	6	1
2006446286	314	1
2006446286	16	1
2006446286	6	1
2006446285	145	171 171 C
2006446285	314	1
2006446285	16	1
2006446285	6	1
2006446284	145	5090 5090 G
2006446284	314	1
2006446284	16	1
2006446284	6	1
2006446283	314	1
2006446283	16	1
2006446283	6	1
2006446282	314	1
2006446282	16	1
2006446281	6	1
2006446282	6	1
2006446281	314	1
2006446281	16	1
2006446280	314	1
2006446280	16	1
2006446280	6	1
2006446279	314	1
2006446279	16	1
2006446279	6	1
2006446278	314	1
2006446278	16	1
2006446278	6	1
2006446277	314	1
2006446277	16	1
2006446277	6	1
2006446276	314	1
2006446276	16	1
2006446276	6	1
2006446275	314	1
2006446275	16	1
2006446275	6	1
2006446274	314	1
2006446274	16	1
2006446274	6	1
2006446273	314	1
2006446273	16	1
2006446273	6	1
2006446272	314	1
2006446272	16	1
2006446272	6	1
2006446271	314	1
2006446271	16	1
2006446271	6	1
2006446270	314	1
2006446270	16	1
2006446270	6	1
2006446269	314	1
2006446269	16	1
2006446269	6	1
2006446268	314	1
2006446268	16	1
2006446268	6	1
2006446267	314	1
2006446267	16	1
2006446267	6	1
2006446266	314	1
2006446266	16	1
2006446266	6	1
2006446265	314	1
2006446265	16	1
2006446265	6	1
2006446264	314	1
2006446264	16	1
2006446264	6	1
2006446263	314	1
2006446263	16	1
2006446263	6	1
2006446262	314	1
2006446262	16	1
2006446262	6	1
2006446261	314	1
2006446261	16	1
2006446261	6	1
2006446260	314	1
2006446260	16	1
2006446260	6	1
2006446259	314	1
2006446259	16	1
2006446259	6	1
2006446258	314	1
2006446258	16	1
2006446258	6	1
2006446257	314	1
2006446257	16	1
2006446257	6	1
2006446256	314	1
2006446256	16	1
2006446256	6	1
2006446255	314	1
2006446255	16	1
2006446255	6	1
2006446254	6	1
2006446253	314	1
2006446253	16	1
2006446251	6	1
2006446250	314	1
2006446250	16	1
2006446250	6	1
2006446249	314	1
2006446249	16	1
2006446248	6	1
2006446247	314	1
2006446247	16	1
2006446247	6	1
2006446246	314	1
2006446246	16	1
2006446246	6	1
2006446245	314	1
2006446245	16	1
2006446244	314	1
2006446244	16	1
2006446244	6	1
2006447290	6	1
2006447288	314	1
2006447288	16	1
2006446242	314	1
2006446242	16	1
2006446242	6	1
2006446241	314	1
2006446241	16	1
2006446241	6	1
2006446240	314	1
2006446240	16	1
2006446240	6	1
2006446239	314	1
2006446239	16	1
2006446239	6	1
2006446238	314	1
2006446238	16	1
2006446238	6	1
2006446237	314	1
2006446237	16	1
2006446237	6	1
2006446236	314	1
2006446236	16	1
2006446236	6	1
2006447290	145	2181 2181 C
2006447290	145	2886 2886 T
2006447290	145	1576 1576 G
2006447290	16	1
2006447290	314	1
2006446232	314	1
2006446230	16	1
2006446230	314	1
2006446231	6	1
2006446231	16	1
2006446231	314	1
2006446232	6	1
2006446232	16	1
2006446230	6	1
2006446229	314	1
2006446229	16	1
2006446229	6	1
2006446228	314	1
2006446228	16	1
2006446228	6	1
2006446227	314	1
2006446227	16	1
2006446227	6	1
2006446226	314	1
2006446226	16	1
2006446226	6	1
2006446225	145	25834 25834 G
2006446225	314	1
2006446225	16	1
2006446225	6	1
2006446224	145	131214 131214 G
2006446224	314	1
2006446224	16	1
2006446224	6	1
2006446223	314	1
2006446223	16	1
2006446223	6	1
2006446222	314	1
2006446222	16	1
2006446222	6	1
2006446221	16	1
2006446221	314	1
2006446221	6	1
2006446220	145	56801 56801 T
2006446220	145	54852 54852 A
2006446220	145	54701 54701 C
2006446220	145	46327 46327 T
2006446220	145	28452 28452 G
2006446220	314	1
2006446220	16	1
2006446220	6	1
2006446219	314	1
2006446219	16	1
2006446219	6	1
2006446218	314	1
2006446218	16	1
2006446218	6	1
2006446217	314	1
2006446217	16	1
2006446217	6	1
2006446216	314	1
2006446216	16	1
2006446216	6	1
2006446215	314	1
2006446215	16	1
2006446215	6	1
2006446214	314	1
2006446214	16	1
2006446214	6	1
2006446213	314	1
2006446213	16	1
2006446213	6	1
2006446212	314	1
2006446212	16	1
2006446212	6	1
2006446211	314	1
2006446211	16	1
2006446211	6	1
2006446210	145	11210 11210 C
2006446210	145	11749 11749 G
2006446210	314	1
2006446210	16	1
2006446210	6	1
2006446209	314	1
2006446209	16	1
2006446209	6	1
2006446208	314	1
2006446208	16	1
2006446208	6	1
2006446207	314	1
2006446207	16	1
2006446207	6	1
2006446206	314	1
2006446206	16	1
2006446205	6	1
2006446206	6	1
2006446205	145	9982 9982 T
2006446205	314	1
2006446205	16	1
2006446204	314	1
2006446204	16	1
2006446204	6	1
2006446203	314	1
2006446203	16	1
2006446203	6	1
2006446202	145	30359 30359 C
2006446202	314	1
2006446202	16	1
2006446202	6	1
2006446201	314	1
2006446201	16	1
2006446201	6	1
2006446200	314	1
2006446200	16	1
2006446200	6	1
2006446197	314	1
2006446198	6	1
2006446198	16	1
2006446198	314	1
2006446199	6	1
2006446199	16	1
2006446199	314	1
2006446197	16	1
2006446197	6	1
2006446196	145	36491 36491 C
2006446196	314	1
2006446196	16	1
2006446196	6	1
2006446195	145	12806 12806 T
2006446195	314	1
2006446195	16	1
2006446195	6	1
2006446194	314	1
2006446194	16	1
2006446194	6	1
2006446193	314	1
2006446193	16	1
2006446193	6	1
2006446192	314	1
2006446192	16	1
2006446192	6	1
2006446191	145	5000 5000 A
2006446191	314	1
2006446191	16	1
2006446191	6	1
2006446190	314	1
2006446190	16	1
2006446190	6	1
2006446189	145	29622 29622 A
2006446189	314	1
2006446189	6	1
2006446189	16	1
2006446188	314	1
2006446188	16	1
2006446188	6	1
2006446187	314	1
2006446187	16	1
2006446187	6	1
2006446186	314	1
2006446186	16	1
2006446186	6	1
2006446185	314	1
2006446185	16	1
2006446185	6	1
2006446184	314	1
2006446184	16	1
2006446184	6	1
2006446183	314	1
2006446183	16	1
2006446183	6	1
2006447293	145	2352 2352 C
2006447293	145	2274 2274 T
2006447293	145	944 944 T
2006447293	314	1
2006447293	16	1
2006447293	6	1
2006447290	145	15223 15223 T
2006447290	145	11367 11367 G
2006447290	145	10944 10944 C
2006447290	145	10935 10935 C
2006447290	145	8758 8758 C
2006447290	145	6194 6194 A
2006447290	145	6047 6047 A
2006447290	145	5850 5850 C
2006447290	145	5551 5551 A
2006447290	145	5530 5530 A
2006447290	145	5417 5417 A
2006447290	145	4498 4498 A
2006447290	145	4449 4449 C
2006446179	314	1
2006446179	16	1
2006446179	6	1
2006446178	145	49217 49217 G
2006446178	314	1
2006446178	16	1
2006446178	6	1
2006446177	314	1
2006446177	16	1
2006446177	6	1
2006446176	314	1
2006446176	16	1
2006446176	6	1
2006446175	314	1
2006446175	16	1
2006446175	6	1
2006446174	314	1
2006446173	314	1
2006446174	16	1
2006446174	6	1
2006446173	16	1
2006446173	6	1
2006446172	314	1
2006446172	16	1
2006446172	6	1
2006446171	314	1
2006446171	16	1
2006446171	6	1
2006446170	145	27186 27186 A
2006446170	314	1
2006446170	16	1
2006446170	6	1
2006446169	314	1
2006446169	16	1
2006446169	6	1
2006446168	314	1
2006446168	16	1
2006446168	6	1
2006446167	145	74980 74980 T
2006446167	145	60363 60363 C
2006446167	314	1
2006446167	16	1
2006446167	6	1
2006446166	314	1
2006446166	16	1
2006446166	6	1
2006446165	145	14191 14191 A
2006446165	314	1
2006446165	16	1
2006446165	6	1
2006446164	314	1
2006446164	16	1
2006446164	6	1
2006446163	314	1
2006446163	16	1
2006446163	6	1
2006446162	145	34757 34757 C
2006446162	145	34676 34676 C
2006446162	314	1
2006446162	16	1
2006446162	6	1
2006446161	314	1
2006446161	16	1
2006446161	6	1
2006446160	314	1
2006446160	16	1
2006446160	6	1
2006446159	314	1
2006446159	16	1
2006446159	6	1
2006446158	145	12887 12887 A
2006446158	314	1
2006446158	16	1
2006446158	6	1
2006446157	314	1
2006446157	16	1
2006446157	6	1
2006446156	314	1
2006446156	6	1
2006446156	16	1
2006446155	314	1
2006446155	16	1
2006446155	6	1
2006446154	314	1
2006446154	16	1
2006446154	6	1
2006446153	314	1
2006446153	16	1
2006446153	6	1
2006446151	314	1
2006446151	16	1
2006446151	6	1
2006446150	314	1
2006446150	16	1
2006446150	6	1
2006446149	314	1
2006446149	16	1
2006446149	6	1
2006446148	145	8702 8702 A
2006446148	314	1
2006446148	16	1
2006446148	6	1
2006446147	314	1
2006446147	16	1
2006446147	6	1
2006446146	314	1
2006446145	16	1
2006446145	6	1
2006446144	314	1
2006446144	16	1
2006446144	6	1
2006446143	145	8838 8838 G
2006446143	314	1
2006446143	16	1
2006446143	6	1
2006446142	145	182159 182159 T
2006446142	314	1
2006446142	16	1
2006446142	6	1
2006447293	145	3189 3189 G
2006446139	314	1
2006446139	16	1
2006446139	6	1
2006446138	314	1
2006446138	16	1
2006446138	6	1
2006446137	314	1
2006446137	16	1
2006446137	6	1
2006446136	314	1
2006446136	16	1
2006446136	6	1
2006446135	314	1
2006446135	16	1
2006446135	6	1
2006446134	145	22881 22881 T
2006446134	314	1
2006446134	16	1
2006446134	6	1
2006446133	314	1
2006446133	16	1
2006446133	6	1
2006446132	314	1
2006446132	16	1
2006446132	6	1
2006447293	145	6556 6556 A
2006447293	145	6540 6540 C
2006447293	145	3591 3591 G
2006447270	145	2764 2764 G
2006447270	314	1
2006446128	314	1
2006447270	16	1
2006446128	16	1
2006446128	6	1
2006446127	314	1
2006446127	16	1
2006446127	6	1
2006446126	314	1
2006446126	16	1
2006446126	6	1
2006446125	314	1
2006446125	16	1
2006446125	6	1
2006446124	145	35393 35393 G
2006446124	314	1
2006446124	16	1
2006446124	6	1
2006446123	314	1
2006446123	16	1
2006446123	6	1
2006446122	314	1
2006446122	16	1
2006446122	6	1
2006447299	16	1
2006447299	6	1
2006447297	145	58586 58586 A
2006447297	145	72059 72060 CA
2006447297	314	1
2006447297	16	1
2006447297	6	1
2006447293	145	9280 9280 A
2006446117	314	1
2006446117	16	1
2006446117	6	1
2006446116	314	1
2006446116	16	1
2006446116	6	1
2006446115	314	1
2006446115	16	1
2006446115	6	1
2006447301	145	897827 897827 G
2006447301	145	920495 920495 C
2006447301	145	966721 966721 A
2006447301	145	992431 992431 A
2006447301	145	1012646 1012646 G
2006447301	145	1063989 1063989 G
2006447301	145	1096178 1096178 T
2006447301	145	1133619 1133619 T
2006447301	145	1143636 1143636 A
2006447301	314	1
2006447301	16	1
2006447301	6	1
2006447299	314	1
2006446111	314	1
2006446111	16	1
2006446111	6	1
2006446110	314	1
2006446110	16	1
2006446110	6	1
2006446109	145	148328 148328 C
2006446109	314	1
2006446109	16	1
2006446109	6	1
2006446108	145	87971 87971 C
2006446108	314	1
2006446108	16	1
2006446108	6	1
2006446107	145	22916 22916 A
2006446107	314	1
2006446107	16	1
2006446107	6	1
2006446106	145	608344 608344 T
2006446106	145	576687 576687 T
2006446106	314	1
2006446102	145	5229 5229 G
2006446105	314	1
2006446105	16	1
2006446105	6	1
2006446104	314	1
2006446104	16	1
2006446104	6	1
2006446103	145	155309 155309 C
2006446103	314	1
2006446103	16	1
2006446103	6	1
2006446106	16	1
2006446106	6	1
2006446105	145	11637 11637 C
2006446102	314	1
2006446102	16	1
2006446102	6	1
2006446101	314	1
2006446101	16	1
2006446101	6	1
2006446100	145	121017 121017 G
2006446100	145	132618 132618 T
2006446100	314	1
2006446098	16	1
2006446098	314	1
2006446099	6	1
2006446099	16	1
2006446100	16	1
2006446100	6	1
2006446099	314	1
2006446098	6	1
2006446097	314	1
2006446097	16	1
2006446097	6	1
2006446096	314	1
2006446096	16	1
2006446096	6	1
2006446095	314	1
2006446095	16	1
2006446095	6	1
2006446094	314	1
2006446094	16	1
2006446094	6	1
2006446093	314	1
2006446093	16	1
2006446093	6	1
2006446092	314	1
2006446092	16	1
2006446092	6	1
2006446091	314	1
2006446091	16	1
2006446091	6	1
2006446090	314	1
2006446090	16	1
2006446090	6	1
2006446089	314	1
2006446089	16	1
2006446088	145	79053 79053 G
2006446089	6	1
2006446088	314	1
2006446088	16	1
2006446088	6	1
2006446087	314	1
2006446087	16	1
2006446087	6	1
2006446086	314	1
2006446086	16	1
2006446086	6	1
2006446085	314	1
2006446085	16	1
2006446085	6	1
2006446084	314	1
2006446084	16	1
2006446084	6	1
2006446083	314	1
2006446083	16	1
2006446083	6	1
2006446082	314	1
2006446082	16	1
2006446082	6	1
2006446081	314	1
2006446081	16	1
2006446081	6	1
2006446080	314	1
2006446080	16	1
2006446080	6	1
2006446079	145	191656 191656 G
2006446079	145	173304 173304 G
2006446079	314	1
2006446079	16	1
2006446079	6	1
2006446078	314	1
2006446078	16	1
2006446078	6	1
2006446077	314	1
2006446077	16	1
2006446077	6	1
2006446076	314	1
2006446076	16	1
2006446076	6	1
2006446075	314	1
2006446075	16	1
2006446075	6	1
2006446074	145	30880 30880 A
2006446074	145	30892 30892 C
2006446074	145	31514 31514 T
2006446074	145	77143 77143 G
2006446074	145	77207 77207 T
2006446074	314	1
2006446074	16	1
2006446074	6	1
2006447270	6	1
2006447269	314	1
2006447269	145	52067 52067 C
2006446072	314	1
2006446072	16	1
2006446072	6	1
2006446071	145	126354 126354 C
2006446071	145	126576 126576 G
2006446071	145	127152 127152 T
2006446071	145	127499 127499 A
2006446071	314	1
2006446071	16	1
2006446071	6	1
2006446070	314	1
2006446070	16	1
2006446070	6	1
2006446069	314	1
2006446069	16	1
2006446069	6	1
2006446068	314	1
2006446068	16	1
2006446068	6	1
2006446067	314	1
2006446067	16	1
2006446067	6	1
2006446066	314	1
2006446066	145	138340 138340 C
2006446066	16	1
2006446066	6	1
2006446065	314	1
2006446065	16	1
2006446065	6	1
2006446064	314	1
2006446064	16	1
2006446064	6	1
2006446063	314	1
2006446063	16	1
2006446063	6	1
2006446062	314	1
2006446062	16	1
2006446062	6	1
2006446061	314	1
2006446061	145	64246 64246 C
2006446061	16	1
2006446061	6	1
2006446060	145	5020 5020 C
2006446060	314	1
2006446060	16	1
2006446060	6	1
2006446059	314	1
2006446059	16	1
2006446059	6	1
2006446058	145	1460 1460 C
2006446058	314	1
2006446058	16	1
2006446058	6	1
2006446057	314	1
2006446057	16	1
2006446057	6	1
2006446056	145	92885 92885 G
2006446056	314	1
2006446056	16	1
2006446056	6	1
2006446055	314	1
2006446055	16	1
2006446055	6	1
2006447271	6	1
2006446053	145	11423 11423 G
2006446053	145	3899 3899 T
2006446053	314	1
2006446053	16	1
2006446053	6	1
2006446052	314	1
2006446052	16	1
2006446052	6	1
2006446046	16	1
2006446046	314	1
2006446047	6	1
2006446047	16	1
2006446047	314	1
2006446047	145	236500 236500 T
2006446048	6	1
2006446048	16	1
2006446048	314	1
2006446049	6	1
2006446049	16	1
2006446049	314	1
2006446050	6	1
2006446050	16	1
2006446050	314	1
2006446051	6	1
2006446051	16	1
2006446051	314	1
2006446046	6	1
2006446045	314	1
2006446045	16	1
2006446045	6	1
2006446044	145	32629 32629 A
2006446044	314	1
2006446044	16	1
2006446044	6	1
2006446043	314	1
2006446043	16	1
2006446043	6	1
2006446042	314	1
2006446042	16	1
2006446042	6	1
2006446041	314	1
2006446041	16	1
2006446041	6	1
2006446040	314	1
2006446040	16	1
2006446040	6	1
2006446039	314	1
2006446039	16	1
2006446039	6	1
2006446038	314	1
2006446038	16	1
2006446038	6	1
2006446037	314	1
2006446037	16	1
2006446037	6	1
2006446036	314	1
2006446036	16	1
2006446036	6	1
2006446035	314	1
2006446035	16	1
2006446035	6	1
2006446034	314	1
2006446034	16	1
2006446034	6	1
2006446033	314	1
2006446033	16	1
2006446033	6	1
2006447301	145	760710 760710 C
2006446030	145	716254 716254 A
2006446030	145	249774 249774 T
2006446030	145	180398 180398 A
2006446030	314	1
2006446030	16	1
2006446030	6	1
2006446029	314	1
2006446029	16	1
2006446029	6	1
2006446028	314	1
2006446028	16	1
2006446028	6	1
2006446027	145	84199 84199 C
2006446027	314	1
2006446027	16	1
2006446027	6	1
2006446026	314	1
2006446026	16	1
2006446026	6	1
2006446025	314	1
2006446025	16	1
2006446025	6	1
2006446024	314	1
2006446024	16	1
2006446024	6	1
2006446023	314	1
2006446023	16	1
2006446023	6	1
2006446022	314	1
2006446022	16	1
2006446022	6	1
2006446021	314	1
2006446021	16	1
2006446021	6	1
2006446020	16	1
2006446020	314	1
2006446020	6	1
2006446019	145	14444 14444 C
2006446019	314	1
2006446019	16	1
2006446019	6	1
2006446018	314	1
2006446018	16	1
2006446018	6	1
2006446017	314	1
2006446017	16	1
2006446017	6	1
2006446016	314	1
2006446016	16	1
2006446016	6	1
2006446015	314	1
2006446015	16	1
2006446015	6	1
2006446014	314	1
2006446014	16	1
2006446014	6	1
2006446013	314	1
2006446013	16	1
2006446013	6	1
2006446012	314	1
2006446012	16	1
2006446012	6	1
2006446011	145	68876 68876 C
2006446010	314	1
2006446011	145	5706 5706 C
2006446011	314	1
2006446011	16	1
2006446011	6	1
2006446010	16	1
2006446010	6	1
2006446009	314	1
2006446009	16	1
2006446009	6	1
2006446008	314	1
2006446008	16	1
2006446008	6	1
2006446007	145	32216 32216 T
2006446007	314	1
2006446007	16	1
2006446007	6	1
2006446006	314	1
2006446006	16	1
2006446006	6	1
2006446005	314	1
2006446005	16	1
2006446005	6	1
2006446004	145	184693 184693 C
2006446004	145	27108 27108 T
2006446004	314	1
2006446004	16	1
2006446004	6	1
2006446003	314	1
2006446003	16	1
2006446003	6	1
2006446002	314	1
2006446002	16	1
2006446002	6	1
2006446001	314	1
2006446001	16	1
2006446001	6	1
2006446000	145	41323 41323 G
2006446000	314	1
2006445999	16	1
2006445999	314	1
2006446000	16	1
2006446000	6	1
2006445999	6	1
2006445998	145	172495 172495 A
2006445998	314	1
2006445998	16	1
2006445998	6	1
2006445997	314	1
2006445997	16	1
2006445997	6	1
2006445996	314	1
2006445996	16	1
2006445996	6	1
2006445995	314	1
2006445995	16	1
2006445995	6	1
2006445994	145	44771 44771 C
2006445994	314	1
2006445994	16	1
2006445994	6	1
2006447301	145	334575 334575 A
2006447301	145	497984 497984 A
2006447301	145	551935 551935 C
2006447301	145	741437 741437 T
2006447301	145	745502 745502 G
2006447301	145	745944 745944 C
2006447301	145	748772 748772 G
2006445990	145	267 267 A
2006445990	314	1
2006445990	16	1
2006445990	6	1
2006445989	145	69078 69078 T
2006445989	314	1
2006445989	16	1
2006445989	6	1
2006445988	145	107678 107678 T
2006445988	314	1
2006445988	16	1
2006445988	6	1
2006445987	314	1
2006445987	16	1
2006445987	6	1
2006445986	314	1
2006445986	16	1
2006445986	6	1
2006445985	145	401023 401023 T
2006445985	145	379997 379997 T
2006445985	145	376023 376023 G
2006445985	145	324076 324076 G
2006445985	145	319754 319754 T
2006445985	314	1
2006445985	16	1
2006445985	6	1
2006445984	314	1
2006445984	16	1
2006445984	6	1
2006445983	314	1
2006445983	16	1
2006445983	6	1
2006445982	145	6716 6716 C
2006445982	314	1
2006445982	16	1
2006445982	6	1
2006445981	314	1
2006445981	16	1
2006445981	6	1
2006445980	314	1
2006445980	16	1
2006445980	6	1
2006445979	314	1
2006445979	16	1
2006445979	6	1
2006445978	314	1
2006445978	16	1
2006445978	6	1
2006445977	314	1
2006445977	16	1
2006445977	6	1
2006445976	145	7700 7700 T
2006445976	314	1
2006445976	16	1
2006445976	6	1
2006445975	314	1
2006445975	16	1
2006445975	6	1
2006445974	314	1
2006445974	16	1
2006445974	6	1
2006445973	145	26398 26398 T
2006445973	314	1
2006445973	16	1
2006445973	6	1
2006445972	314	1
2006445972	16	1
2006445972	6	1
2006445971	314	1
2006445971	16	1
2006445971	6	1
2006445970	314	1
2006445970	16	1
2006445970	6	1
2006445969	314	1
2006445969	16	1
2006445969	6	1
2006445968	314	1
2006445968	16	1
2006445968	6	1
2006445967	314	1
2006445967	16	1
2006445967	6	1
2006445966	314	1
2006445966	16	1
2006445966	6	1
2006445965	145	7005 7005 T
2006445965	145	513485 513485 A
2006445965	314	1
2006445965	16	1
2006445965	6	1
2006445964	314	1
2006445964	16	1
2006445964	6	1
2006445963	314	1
2006445963	16	1
2006445963	6	1
2006445962	314	1
2006445962	16	1
2006445962	6	1
2006445961	314	1
2006445961	16	1
2006445961	6	1
2006445960	314	1
2006445960	16	1
2006445960	6	1
2006445959	314	1
2006445959	16	1
2006445959	6	1
2006445958	145	32812 32812 C
2006445958	314	1
2006445958	16	1
2006445958	6	1
2006445957	314	1
2006445957	16	1
2006445957	6	1
2006445956	314	1
2006445956	16	1
2006445956	6	1
2006445955	145	20606 20606 C
2006445955	145	29816 29816 G
2006445955	145	57171 57171 C
2006445955	145	57709 57709 T
2006445955	145	60705 60705 T
2006445955	145	63050 63050 A
2006445955	145	65779 65779 C
2006445955	314	1
2006445955	16	1
2006445955	6	1
2006445954	145	29790 29790 G
2006445954	314	1
2006445954	16	1
2006445954	6	1
2006445953	314	1
2006445953	16	1
2006445953	6	1
2006445952	314	1
2006445952	16	1
2006445952	6	1
2006445951	314	1
2006445951	16	1
2006445951	6	1
2006445950	145	22128 22128 G
2006445950	314	1
2006445950	16	1
2006445950	6	1
2006445949	314	1
2006445949	16	1
2006445949	6	1
2006445948	314	1
2006445948	16	1
2006445948	6	1
2006445947	314	1
2006445947	16	1
2006445947	6	1
2006445946	314	1
2006445946	16	1
2006445946	6	1
2006445945	314	1
2006445945	16	1
2006445945	6	1
2006445944	314	1
2006445944	16	1
2006445944	6	1
2006445943	16	1
2006445943	314	1
2006445943	6	1
2006445942	314	1
2006445942	16	1
2006445942	6	1
2006445941	314	1
2006445941	16	1
2006445941	6	1
2006445940	314	1
2006445940	16	1
2006445940	6	1
2006445939	314	1
2006445939	6	1
2006445939	16	1
2006445938	314	1
2006445938	16	1
2006445938	6	1
2006445937	314	1
2006445937	16	1
2006445937	6	1
2006445936	314	1
2006445936	16	1
2006445936	6	1
2006445935	314	1
2006445935	16	1
2006445935	6	1
2006445934	314	1
2006445934	16	1
2006445933	314	1
2006445934	6	1
2006445933	16	1
2006445933	6	1
2006445932	314	1
2006445932	16	1
2006445932	6	1
2006445931	145	6794 6794 G
2006445931	314	1
2006445931	16	1
2006445931	6	1
2006445930	145	138580 138580 A
2006445930	145	72936 72936 T
2006445930	314	1
2006445930	16	1
2006445930	6	1
2006445929	16	1
2006445929	314	1
2006445929	6	1
2006445928	314	1
2006445928	16	1
2006445928	6	1
2006445927	314	1
2006445927	16	1
2006445927	6	1
2006445926	314	1
2006445926	16	1
2006445926	6	1
2006445925	314	1
2006445925	16	1
2006445925	6	1
2006445924	314	1
2006445924	16	1
2006445924	6	1
2006445923	145	3890 3890 A
2006445923	314	1
2006445923	16	1
2006445923	6	1
2006445922	314	1
2006445922	16	1
2006445922	6	1
2006445921	314	1
2006445921	16	1
2006445921	6	1
2006445920	314	1
2006445920	16	1
2006445920	6	1
2006445919	314	1
2006445919	16	1
2006445919	6	1
2006445918	314	1
2006445918	16	1
2006445918	6	1
2006445917	314	1
2006445917	16	1
2006445917	6	1
2006445916	314	1
2006445916	16	1
2006445916	6	1
2006445915	314	1
2006445915	16	1
2006445915	6	1
2006445914	314	1
2006445914	16	1
2006445914	6	1
2006445913	314	1
2006445913	16	1
2006445913	6	1
2006445912	314	1
2006445912	16	1
2006445912	6	1
2006445911	314	1
2006445911	16	1
2006445911	6	1
2006445910	314	1
2006445910	16	1
2006445910	6	1
2006447304	16	1
2006447304	6	1
2006447301	145	191696 191696 A
2006445907	145	117654 117654 T
2006445907	314	1
2006445907	16	1
2006445907	6	1
2006445906	145	266026 266026 A
2006445906	145	369859 369859 T
2006445906	145	539972 539972 C
2006445906	314	1
2006445906	16	1
2006445906	6	1
2006445905	145	148605 148605 G
2006445905	314	1
2006445905	16	1
2006445905	6	1
2006447304	145	27364 27364 T
2006447304	145	18245 18245 T
2006447304	145	17390 17390 C
2006447304	145	4074 4074 T
2006447304	145	4072 4072 T
2006447304	314	1
2006445902	314	1
2006445902	16	1
2006445902	6	1
2006445901	145	14439 14439 C
2006445901	314	1
2006445901	16	1
2006445901	6	1
2006445900	145	64925 64925 C
2006445900	314	1
2006445900	16	1
2006445900	6	1
2006445899	314	1
2006445899	16	1
2006445899	6	1
2006445898	314	1
2006445898	16	1
2006445897	314	1
2006445898	6	1
2006445897	16	1
2006445897	6	1
2006445896	314	1
2006445896	16	1
2006445896	6	1
2006445895	145	403732 403732 T
2006445895	145	490557 490557 G
2006445895	145	859533 859533 G
2006445895	145	1015555 1015555 G
2006445893	6	1
2006445893	145	13057 13057 G
2006445893	314	1
2006445893	16	1
2006445895	145	1469420 1469420 C
2006445895	145	1866377 1866377 A
2006445895	314	1
2006445895	16	1
2006445895	6	1
2006445894	314	1
2006445894	16	1
2006445894	6	1
2006445892	145	219855 219855 C
2006445892	314	1
2006445892	16	1
2006445892	6	1
2006445891	16	1
2006445891	314	1
2006445891	6	1
2006445890	314	1
2006445890	16	1
2006445890	6	1
2006445889	145	17007 17007 T
2006445889	314	1
2006445889	16	1
2006445889	6	1
2006445888	314	1
2006445888	16	1
2006445888	6	1
2006445887	314	1
2006445887	16	1
2006445887	6	1
2006445886	145	3462 3462 T
2006445886	145	3909 3909 G
2006445886	145	17740 17740 A
2006445886	314	1
2006445886	16	1
2006445886	6	1
2006445885	314	1
2006445885	16	1
2006445885	6	1
2006445884	314	1
2006445884	16	1
2006445884	6	1
2006445883	314	1
2006445883	16	1
2006445883	6	1
2006445882	314	1
2006445882	16	1
2006445882	6	1
2006445881	314	1
2006445880	314	1
2006445881	6	1
2006445881	16	1
2006445880	16	1
2006445880	6	1
2006445879	314	1
2006445879	16	1
2006445879	6	1
2006447308	314	1
2006447308	16	1
2006447308	6	1
2006447307	314	1
2006447307	16	1
2006447307	6	1
2006445876	314	1
2006445876	16	1
2006445876	6	1
2006445875	314	1
2006445875	16	1
2006445875	6	1
2006445874	314	1
2006445874	16	1
2006445874	6	1
2006445873	314	1
2006445873	16	1
2006445873	6	1
2006445872	314	1
2006445871	16	1
2006445871	6	1
2006445870	314	1
2006445870	16	1
2006445870	6	1
2006445869	314	1
2006445869	16	1
2006445869	6	1
2006445868	145	34129 34129 G
2006445868	314	1
2006445868	16	1
2006445868	6	1
2006445867	314	1
2006445866	16	1
2006445866	314	1
2006445867	6	1
2006445867	16	1
2006445866	6	1
2006447308	145	4979 4979 C
2006447308	145	8048 8048 A
2006445863	314	1
2006445863	16	1
2006445863	6	1
2006445862	314	1
2006445862	16	1
2006445862	6	1
2006445861	314	1
2006445861	16	1
2006445861	6	1
2006445860	314	1
2006445860	16	1
2006445860	6	1
2006445859	314	1
2006445859	16	1
2006445859	6	1
2006445858	145	60235 60235 A
2006445858	145	17703 17703 T
2006445858	314	1
2006445858	16	1
2006445858	6	1
2006445857	314	1
2006445857	16	1
2006445857	6	1
2006445856	314	1
2006445856	16	1
2006445856	6	1
2006445855	145	26963 26963 G
2006445853	145	20450 20450 A
2006445853	145	30887 30887 T
2006445853	314	1
2006445853	16	1
2006445853	6	1
2006445852	314	1
2006445852	16	1
2006445852	6	1
2006445851	145	1073 1073 C
2006445851	145	1272 1272 C
2006445851	314	1
2006445851	16	1
2006445851	6	1
2006445850	314	1
2006445850	16	1
2006445850	6	1
2006445849	314	1
2006445849	16	1
2006445849	6	1
2006445848	314	1
2006445848	16	1
2006445848	6	1
2006445847	314	1
2006445847	16	1
2006445847	6	1
2006445846	314	1
2006445846	16	1
2006445846	6	1
2006445845	314	1
2006445845	16	1
2006445845	6	1
2006445844	314	1
2006445844	16	1
2006445844	6	1
2006445843	314	1
2006445843	16	1
2006445843	6	1
2006445842	314	1
2006445842	16	1
2006445842	6	1
2006447314	145	16577 16577 G
2006447314	145	9902 9902 A
2006447314	145	9885 9885 A
2006447314	145	5893 5893 C
2006447314	145	5838 5838 C
2006447314	145	1613 1613 C
2006447314	314	1
2006447314	16	1
2006447314	6	1
2006447312	145	26764 26764 A
2006447312	314	1
2006447312	16	1
2006447312	6	1
2006445839	145	15129 15129 A
2006445839	314	1
2006445839	16	1
2006445839	6	1
2006445838	314	1
2006445838	16	1
2006445838	6	1
2006445837	314	1
2006445837	16	1
2006445837	6	1
2006445836	314	1
2006445836	16	1
2006445836	6	1
2006445835	6	1
2006445834	314	1
2006445834	16	1
2006445834	6	1
2006445833	314	1
2006445833	6	1
2006445833	16	1
2006445831	314	1
2006445831	16	1
2006445831	6	1
2006445827	314	1
2006445827	16	1
2006445827	6	1
2006445826	314	1
2006445826	16	1
2006445826	6	1
2006445825	314	1
2006445825	16	1
2006445825	6	1
2006445823	314	1
2006445823	16	1
2006447314	145	22271 22271 A
2006445823	6	1
2006445822	314	1
2006445822	16	1
2006445822	6	1
2006445821	314	1
2006445821	16	1
2006445821	6	1
2006445820	314	1
2006445820	16	1
2006445820	6	1
2006445819	314	1
2006445819	16	1
2006445819	6	1
2006445818	314	1
2006445818	16	1
2006445818	6	1
2006447314	145	21525 21525 C
2006445814	314	1
2006445814	16	1
2006445814	6	1
2006445813	314	1
2006445813	16	1
2006445813	6	1
2006445812	314	1
2006445812	16	1
2006445812	6	1
2006445811	314	1
2006445811	16	1
2006445811	6	1
2006445810	314	1
2006445810	16	1
2006445810	6	1
2006445809	314	1
2006445809	16	1
2006445809	6	1
2006446675	6	1
2006446675	16	1
2006446675	314	1
2006446676	6	1
2006446676	16	1
2006446676	314	1
2006446677	6	1
2006446677	16	1
2006446677	314	1
2006446678	6	1
2006446678	16	1
2006446678	314	1
2006446679	6	1
2006446679	16	1
2006446679	314	1
2006446679	145	8609 8609 T
2006446680	6	1
2006446680	16	1
2006446680	314	1
2006446681	6	1
2006446681	16	1
2006446681	314	1
2006446682	6	1
2006446682	16	1
2006446682	314	1
2006446682	145	62852 62852 C
2006446682	145	63010 63010 A
2006446683	6	1
2006446683	16	1
2006446683	314	1
2006446684	6	1
2006446684	16	1
2006446684	314	1
2006446685	6	1
2006446685	16	1
2006446685	314	1
2006446685	145	17856 17856 A
2006446686	6	1
2006446686	16	1
2006446686	314	1
2006446687	6	1
2006446687	16	1
2006446687	314	1
2006446688	6	1
2006446688	16	1
2006446688	314	1
2006446689	6	1
2006446689	16	1
2006446689	314	1
2006446690	6	1
2006446690	16	1
2006446690	314	1
2006446691	6	1
2006446691	16	1
2006446982	447	2
2006446982	369	1
131593	370	3
131593	447	1
2006369797	368	1
131757	369	10
2006446627	368	1
2006446629	368	2
2006446631	368	3
131546	10	31113251
2006369781	6	1
2006369781	16	1
2006369781	313	2017-01-19 11:45:17
2006369783	6	1
2006369783	16	1
2006369783	312	2017-01-19 11:45:17
2006369785	6	1
2006369785	16	1
2006369785	313	2017-01-19 11:45:17
2006369787	6	1
2006369787	16	1
2006369787	313	2017-01-19 11:45:17
2006369789	6	1
2006369789	16	1
2006369789	312	2017-01-19 11:45:17
2006369791	6	1
2006369791	16	1
2006369791	312	2017-01-19 11:45:17
2006369793	6	1
2006369793	16	1
2006369793	312	2017-01-19 11:45:17
2006369795	6	1
2006369795	16	1
2006369795	312	2017-01-19 11:45:17
2006369797	6	1
2006369797	16	1
2006369797	312	2017-01-19 11:45:17
2006369799	6	1
2006369799	16	1
2006369799	312	2017-01-19 11:45:17
2006369801	6	1
2006369801	16	1
2006369801	312	2017-01-19 11:45:17
2006369803	6	1
2006369803	16	1
2006369803	312	2017-01-19 11:45:17
2006369805	6	1
2006369805	16	1
2006369805	312	2017-01-19 11:45:17
2006369807	6	1
2006369807	16	1
2006369807	313	2017-01-19 11:45:17
2006369809	6	1
2006369809	16	1
2006369809	313	2017-01-19 11:45:17
2006369811	6	1
2006369811	16	1
2006369811	313	2017-01-19 11:45:17
2006369813	6	1
2006369813	16	1
2006369813	313	2017-01-19 11:45:17
2006369815	6	1
2006369815	16	1
2006369815	313	2017-01-19 11:45:17
2006369817	6	1
2006369817	16	1
2006369817	313	2017-01-19 11:45:17
2006369819	6	1
2006369819	16	1
2006369819	313	2017-01-19 11:45:17
2006369821	6	1
2006369821	16	1
2006369821	313	2017-01-19 11:45:17
2006369823	6	1
2006369823	16	1
2006369823	313	2017-01-19 11:45:17
2006369825	6	1
2006369825	16	1
2006369825	313	2017-01-19 11:45:17
2006369827	6	1
2006369827	16	1
2006369827	313	2017-01-19 11:45:17
2006369829	6	1
2006369829	16	1
2006369829	313	2017-01-19 11:45:17
2006369831	6	1
2006369831	16	1
2006369831	313	2017-01-19 11:45:17
2006369833	6	1
2006369833	16	1
2006369833	313	2017-01-19 11:45:17
2006369835	6	1
2006369835	16	1
2006369835	313	2017-01-19 11:45:17
2006369837	6	1
2006369837	16	1
2006369837	313	2017-01-19 11:45:17
2006369839	6	1
2006369839	16	1
2006369839	313	2017-01-19 11:45:17
2006369841	6	1
2006369841	16	1
2006369841	313	2017-01-19 11:45:17
2006446385	6	1
2006446384	314	1
2006446384	16	1
2006446384	6	1
2006446383	314	1
2006446383	16	1
2006446383	6	1
2006446382	145	9888 9888 A
2006446254	145	8566 8566 T
2006446254	314	1
2006446254	16	1
2006446253	6	1
2006446252	314	1
2006446252	16	1
2006446252	6	1
2006446251	314	1
2006446251	16	1
2006446249	6	1
2006446248	314	1
2006446248	16	1
2006446245	6	1
2006446244	145	5488 5489 GA
2006446152	314	1
2006446152	16	1
2006446152	6	1
2006446146	16	1
2006446146	6	1
2006446145	314	1
2006445872	16	1
2006445872	6	1
2006445871	314	1
2006445855	314	1
2006445855	16	1
2006445855	6	1
2006445854	314	1
2006445854	16	1
2006445854	6	1
2006445835	145	90698 90698 A
2006445835	314	1
2006445835	16	1
2006445832	314	1
2006445832	16	1
2006445832	6	1
2006445830	314	1
2006445830	16	1
2006445830	6	1
2006445829	314	1
2006445829	16	1
2006445829	6	1
2006445828	314	1
2006445828	16	1
2006445828	6	1
2006445824	314	1
2006445824	16	1
2006445824	6	1
2006446691	314	1
2006446692	6	1
2006446692	16	1
2006446692	314	1
2006446693	6	1
2006446693	16	1
2006446693	314	1
2006446694	6	1
2006446694	16	1
2006446694	314	1
2006446695	6	1
2006446695	16	1
2006446695	314	1
2006446695	145	39113 39113 C
2006446695	145	12103 12103 C
2006446696	6	1
2006446696	16	1
2006446696	314	1
2006446697	6	1
2006369789	447	6
131540	389	182
2006369807	368	4
2006369809	368	1
1003662602	447	1
2006369805	368	4
132652	409	3
2006369803	368	4
131817	447	1
1003662634	370	6
132720	370	100
2006369819	368	2
131547	67	532
2006446647	368	4
2006369829	368	1
2006369815	368	1
131560	64	685
2006369813	368	1
2006369789	370	6
2006369821	368	1
131540	414	4
2006446645	368	2
2006369825	368	1
131541	64	321
2006369835	368	2
131541	389	98
2006369811	368	1
131547	64	819
2006369823	368	2
131809	387	2
2006369839	368	2
131695	370	23
2006446643	368	1
2006369827	368	1
132516	388	11
2006369833	368	1
2006369793	447	2
132586	387	12
132586	369	152
131591	370	1
131757	370	6
131544	10	31352175
2006446998	409	1
2006446998	387	1
2006446639	368	4
2006446518	368	3
131781	369	2
132584	369	1
131815	388	2
2006216509	368	1
131579	369	1
1003662604	370	3
1003662604	447	3
1003662604	387	1
1003662604	369	2
1003662596	447	3
1003662596	387	1
1003662596	369	5
2006446508	368	2
2006216507	370	1
131565	447	3
2006447010	368	2
131560	390	832
131819	369	1
131781	447	1
1003662602	369	1
131548	10	18073884
131549	10	21521079
2006447281	16	1
2006447281	6	1
2006447279	145	10851 10851 A
2006446388	6	1
2006446388	16	1
2006446388	314	1
2006446388	145	819782 819782 T
2006446388	145	597252 597252 C
2006446388	145	205539 205539 G
2006446389	6	1
2006446389	16	1
2006446389	314	1
2006446390	6	1
2006446390	16	1
2006446390	314	1
2006446391	6	1
2006446391	16	1
2006446391	314	1
2006446392	6	1
2006446392	16	1
2006446392	314	1
2006446393	6	1
2006446393	16	1
2006446393	314	1
2006446394	6	1
2006446394	16	1
2006446394	314	1
2006446395	6	1
2006446395	16	1
2006446395	314	1
2006446396	6	1
2006446396	16	1
2006446396	314	1
2006446397	6	1
2006446397	16	1
2006446397	314	1
2006446397	145	59859 59859 G
2006446398	6	1
2006446398	16	1
2006446398	314	1
2006446399	6	1
2006446399	16	1
2006446399	314	1
2006447279	145	14495 14495 T
2006446404	6	1
2006446404	16	1
2006446404	314	1
2006446405	6	1
2006446405	16	1
2006446405	314	1
2006446406	6	1
2006446406	16	1
2006446406	314	1
2006446406	145	7266 7266 A
2006446406	145	15118 15118 G
2006446406	145	18122 18122 G
2006446406	145	20536 20536 C
2006446407	6	1
2006446407	16	1
2006446407	314	1
2006446408	6	1
2006446408	16	1
2006446408	314	1
2006446409	6	1
2006446409	16	1
2006446409	314	1
2006446410	6	1
2006446410	16	1
2006446410	314	1
2006446411	6	1
2006446411	16	1
2006446411	314	1
2006446412	6	1
2006446412	16	1
2006446412	314	1
2006446413	6	1
2006446413	16	1
2006446413	314	1
2006446414	6	1
2006446414	16	1
2006446414	314	1
2006446415	6	1
2006446415	16	1
2006446415	314	1
2006446416	6	1
2006446416	16	1
2006446416	314	1
2006446417	6	1
2006446417	16	1
2006446417	314	1
2006446417	145	38847 38847 A
2006446418	6	1
2006446418	16	1
2006446418	314	1
2006446419	6	1
2006446419	16	1
2006446419	314	1
2006446420	6	1
2006446420	16	1
2006446420	314	1
2006446421	6	1
2006446421	16	1
2006446421	314	1
2006446422	6	1
2006446422	16	1
2006446422	314	1
2006446423	6	1
2006446423	16	1
2006446423	314	1
2006446424	6	1
2006446424	16	1
2006446424	314	1
2006446425	6	1
2006446425	16	1
2006446425	314	1
2006446426	6	1
2006446426	16	1
2006446426	314	1
2006446427	6	1
2006446427	16	1
2006446427	314	1
2006446428	6	1
2006446428	16	1
2006446428	314	1
2006446429	6	1
2006446429	16	1
2006446429	314	1
2006446430	6	1
2006446430	16	1
2006446430	314	1
2006446430	145	152411 152411 C
2006446431	6	1
2006446431	16	1
2006446431	314	1
2006446432	6	1
2006446432	16	1
2006446432	314	1
2006447205	314	1
2006447205	16	1
2006447205	6	1
2006446434	6	1
2006446434	16	1
2006446434	314	1
2006446435	6	1
2006446435	16	1
2006446435	314	1
2006446435	145	31568 31568 G
2006446435	145	24008 24008 A
2006446436	6	1
2006446436	16	1
2006446436	314	1
2006446436	145	187163 187163 C
2006446437	6	1
2006446437	16	1
2006446437	314	1
2006446438	6	1
2006446438	16	1
2006446438	314	1
2006446439	6	1
2006446439	16	1
2006446439	314	1
2006446440	6	1
2006446440	16	1
2006446440	314	1
2006446441	6	1
2006446441	16	1
2006446441	314	1
2006446442	6	1
2006446442	16	1
2006446442	314	1
2006446443	6	1
2006446443	16	1
2006446443	314	1
2006446444	6	1
2006446444	16	1
2006446444	314	1
2006446445	6	1
2006446445	16	1
2006446445	314	1
2006446446	6	1
2006446446	16	1
2006446446	314	1
2006446447	6	1
2006446447	16	1
2006446447	314	1
2006446448	6	1
2006446448	16	1
2006446448	314	1
2006446449	6	1
2006446449	16	1
2006446449	314	1
2006446449	145	31529 31529 C
2006446449	145	40507 40507 G
2006446450	6	1
2006446450	16	1
2006446450	314	1
2006446451	6	1
2006446451	16	1
2006446451	314	1
2006446452	6	1
2006446452	16	1
2006446452	314	1
2006446453	6	1
2006446453	16	1
2006446453	314	1
2006446454	6	1
2006446454	16	1
2006446454	314	1
2006446455	6	1
2006446455	16	1
2006446455	314	1
2006446456	6	1
2006446456	16	1
2006446456	314	1
2006446457	6	1
2006446457	16	1
2006446457	314	1
2006446458	6	1
2006446458	16	1
2006446458	314	1
2006447279	6	1
2006447277	145	751 751 C
2006447277	314	1
2006447277	16	1
2006447277	6	1
2006447275	145	5428 5428 T
2006447275	145	5445 5445 T
2006447275	145	9437 9437 G
2006447275	145	9492 9492 G
2006447275	145	13717 13717 G
2006447275	145	20134 20134 C
2006447275	145	20280 20280 T
2006447275	145	20930 20930 A
2006447275	145	22173 22173 C
2006447275	145	22599 22599 C
2006447275	314	1
2006447275	16	1
2006447275	6	1
2006447272	145	10906 10906 C
2006447272	314	1
2006447272	16	1
2006447272	6	1
2006446466	6	1
2006446466	16	1
2006446466	314	1
2006446467	6	1
2006446467	16	1
2006446467	314	1
2006446467	145	47033 47033 G
2006446467	145	40301 40301 A
2006446468	6	1
2006446468	16	1
2006446468	314	1
2006446469	6	1
2006446469	16	1
2006446469	314	1
2006446469	145	71222 71222 G
2006446470	6	1
2006446470	16	1
2006446470	314	1
2006446471	6	1
2006446471	16	1
2006446471	314	1
2006446471	145	158696 158696 T
2006446471	145	136617 136617 C
2006446472	6	1
2006446472	16	1
2006446472	314	1
2006446472	145	3765 3765 G
2006446473	6	1
2006446473	16	1
2006446473	314	1
2006446474	6	1
2006446474	16	1
2006446474	314	1
2006446475	6	1
2006446475	16	1
2006446475	314	1
2006446476	6	1
2006446476	16	1
2006446476	314	1
2006446477	6	1
2006446477	16	1
2006446477	314	1
2006446477	145	22384 22384 C
2006446478	6	1
2006446478	16	1
2006446478	314	1
2006446479	6	1
2006446479	16	1
2006446479	314	1
2006446480	6	1
2006446480	16	1
2006446480	314	1
2006446481	6	1
2006446481	16	1
2006446481	314	1
2006446482	6	1
2006446482	16	1
2006446482	314	1
2006446483	6	1
2006446483	16	1
2006446483	314	1
2006446484	6	1
2006446484	16	1
2006446484	314	1
2006446485	6	1
2006446485	16	1
2006446485	314	1
2006446486	6	1
2006446486	16	1
2006446486	314	1
2006446487	6	1
2006446487	16	1
2006446487	314	1
2006446488	6	1
2006446488	16	1
2006446488	314	1
2006446489	6	1
2006446489	16	1
2006446489	314	1
2006446490	6	1
2006446490	16	1
2006446490	314	1
2006446491	6	1
2006446491	16	1
2006446491	314	1
2006446492	6	1
2006446492	16	1
2006446492	314	1
2006446492	145	16184 16184 A
2006446493	6	1
2006446493	16	1
2006446493	314	1
2006446494	6	1
2006446494	16	1
2006446494	314	1
2006446494	145	85236 85236 A
2006446495	6	1
2006446495	16	1
2006446495	314	1
2006446496	6	1
2006446496	16	1
2006446496	314	1
2006446496	145	11038 11038 G
2006446497	6	1
2006446497	16	1
2006446497	314	1
2006446498	6	1
2006446498	16	1
2006446498	314	1
2006446499	6	1
2006446499	16	1
2006446499	314	1
2006446500	6	1
2006446500	16	1
2006446500	314	1
2006446500	145	229050 229050 C
2006446500	145	292697 292697 C
2006446501	6	1
2006446501	16	1
2006446501	314	1
2006446502	6	1
2006446502	16	1
2006446502	314	1
2006446503	6	1
2006446503	16	1
2006446503	314	1
2006446504	6	1
2006446504	16	1
2006446504	314	1
2006446505	6	1
2006446505	16	1
2006446505	314	1
2006446506	6	1
2006446506	16	1
2006446506	314	1
2006446507	6	1
2006446507	16	1
2006446507	314	1
131549	408	38
2006446532	368	17
132652	447	41
131773	369	2
2006446627	447	1
2006447014	369	4
2006369789	388	3
2006446635	368	1
132584	447	2
2006446526	368	1
132652	370	94
132652	410	2
2006446514	368	1
131581	369	7
2006446512	368	8
131559	64	1000
131559	414	1
131559	67	910
131647	369	2
131687	369	1
131647	447	2
131773	447	1
2006446530	368	6
2006446516	368	1
2006446540	368	2
2006446528	368	69
2006446522	368	3
131560	413	6
131540	64	781
131657	369	3
131556	10	32200163
131540	10	29398919
2006446508	6	1
2006446508	16	1
2006446508	313	2017-12-08 11:28:44
2006446510	6	1
2006446510	16	1
2006446510	313	2017-12-08 11:28:44
2006446512	6	1
2006446512	16	1
2006446512	312	2017-12-08 11:28:44
2006446514	6	1
2006446514	16	1
2006446514	313	2017-12-08 11:28:44
2006446516	6	1
2006446516	16	1
2006446516	313	2017-12-08 11:28:44
2006446518	6	1
2006446518	16	1
2006446518	313	2017-12-08 11:28:44
2006446520	6	1
2006446520	16	1
2006446520	313	2017-12-08 11:28:44
2006446522	6	1
2006446522	16	1
2006446522	312	2017-12-08 11:28:44
2006446524	6	1
2006446524	16	1
2006446524	312	2017-12-08 11:28:44
2006446526	6	1
2006446526	16	1
2006446526	313	2017-12-08 11:28:44
2006446528	6	1
2006446528	16	1
2006446528	312	2017-12-08 11:28:44
2006446530	6	1
2006446530	16	1
2006446530	312	2017-12-08 11:28:44
2006446532	6	1
2006446532	16	1
2006446532	312	2017-12-08 11:28:44
2006446534	6	1
2006446534	16	1
2006446534	313	2017-12-08 11:28:44
2006446536	6	1
2006446536	16	1
2006446536	312	2017-12-08 11:28:44
2006446538	6	1
2006446538	16	1
2006446538	312	2017-12-08 11:28:44
2006446540	6	1
2006446540	16	1
2006446540	313	2017-12-08 11:28:44
2006446542	6	1
2006446542	16	1
2006446542	313	2017-12-08 11:28:44
2006446544	6	1
2006446544	16	1
2006446544	312	2017-12-08 11:28:44
2006446546	6	1
2006446546	16	1
2006446546	312	2017-12-08 11:28:44
2006446548	6	1
2006446548	16	1
2006446548	312	2017-12-08 11:28:44
2006446623	6	1
2006446623	16	1
2006446623	312	2018-01-08 17:20:55
2006446625	6	1
2006446625	16	1
2006446625	312	2018-01-08 17:20:55
2006446627	6	1
2006446627	16	1
2006446627	313	2018-01-08 17:20:55
2006446629	6	1
2006446629	16	1
2006446629	313	2018-01-08 17:20:55
2006446631	6	1
2006446631	16	1
2006446631	313	2018-01-08 17:20:55
2006446633	6	1
2006446633	16	1
2006446633	313	2018-01-08 17:20:55
2006446635	6	1
2006446635	16	1
2006446635	313	2018-01-08 17:20:55
2006446637	6	1
2006446637	16	1
2006446637	313	2018-01-08 17:20:55
2006446639	6	1
2006446639	16	1
2006446639	312	2018-01-08 17:20:55
2006446641	6	1
2006446641	16	1
2006446641	312	2018-01-08 17:20:55
2006446643	6	1
2006446643	16	1
2006446643	313	2018-01-08 17:20:55
2006446645	6	1
2006446645	16	1
2006446645	313	2018-01-08 17:20:55
2006446647	6	1
2006446647	16	1
2006446647	313	2018-01-08 17:20:55
2006446649	6	1
2006446649	16	1
2006446649	312	2018-01-08 17:20:55
2006446651	6	1
2006446651	16	1
2006446651	313	2018-01-08 17:20:55
2006446653	6	1
2006446653	16	1
2006446653	313	2018-01-08 17:20:55
2006446655	6	1
2006446655	16	1
2006446655	312	2018-01-08 17:20:55
2006447279	145	14562 14562 T
2006447279	314	1
2006447279	16	1
2006447008	370	11
2006139921	370	1
132652	388	13
2006446649	368	4
131739	369	1
131797	369	2
2006446651	368	1
131563	370	8
131563	387	1
131563	369	8
131569	388	4
131569	370	4
131569	447	2
131569	369	4
2006446653	368	2
131773	370	4
131733	369	1
2006446655	368	6
131803	447	7
131659	370	16
131809	447	6
131819	447	2
131657	387	1
131807	369	92
2006446627	370	1
1003662646	369	2
131605	369	4
2006369837	368	1
131765	369	2
132436	387	12
132436	369	151
2006446548	368	2
131829	370	11
2006447024	368	8
131765	370	2
131765	447	5
2006446516	369	3
131601	369	1
131821	369	7
132436	409	3
131667	447	4
131667	369	1
131559	444	143
132293	369	2
131558	10	19547198
131547	10	20858633
2006446697	16	1
2006446697	314	1
2006446697	145	20818 20818 G
2006446698	6	1
2006446698	16	1
2006446698	314	1
2006446699	6	1
2006446699	16	1
2006446699	314	1
2006446700	6	1
2006446700	16	1
2006446700	314	1
2006446701	6	1
2006446701	16	1
2006446701	314	1
2006446702	6	1
2006446702	16	1
2006446702	314	1
2006446702	145	13497 13497 C
2006446703	6	1
2006446703	16	1
2006446703	314	1
2006446704	6	1
2006446704	16	1
2006446704	314	1
2006446705	6	1
2006446705	16	1
2006446705	314	1
2006446706	6	1
2006446706	16	1
2006446706	314	1
2006369793	370	1
2006446516	387	1
131847	369	8
131849	447	8
131827	370	1
131821	409	1
131739	387	2
131560	444	81
2006447016	368	6
131699	447	1
131817	387	1
2006447040	370	11
131541	390	483
131651	369	3
131667	370	2
132584	410	1
1003662646	447	1
1003662630	369	6
132584	370	3
2006446540	369	1
131743	370	4
2006369783	369	1
131552	10	44612034
2006446745	6	1
2006446745	16	1
2006446745	314	1
2006446746	6	1
2006446746	16	1
2006446746	314	1
2006446747	6	1
2006446747	16	1
2006446747	314	1
2006446748	6	1
2006446748	16	1
2006446748	314	1
2006446749	6	1
2006446749	16	1
2006446749	314	1
2006446750	6	1
2006446750	16	1
2006446750	314	1
2006446751	6	1
2006446751	16	1
2006446751	314	1
2006446752	6	1
2006446752	16	1
2006446752	314	1
2006446753	6	1
2006446753	16	1
2006446753	314	1
2006446754	6	1
2006446754	16	1
2006446754	314	1
2006446755	6	1
2006446755	16	1
2006446755	314	1
2006446756	6	1
2006446756	16	1
2006446756	314	1
2006446756	145	248903 248903 C
2006446757	6	1
2006446757	16	1
2006446757	314	1
2006446758	6	1
2006446758	16	1
2006446758	314	1
2006446759	6	1
2006446759	16	1
2006446759	314	1
2006446760	6	1
2006446760	16	1
2006446760	314	1
2006446761	6	1
2006446761	16	1
2006446761	314	1
2006446762	6	1
2006446762	16	1
2006446762	314	1
2006446763	6	1
2006446763	16	1
2006446763	314	1
2006446764	6	1
2006446764	16	1
2006446764	314	1
2006446765	6	1
2006446765	16	1
2006446765	314	1
2006446766	6	1
2006446766	16	1
2006446766	314	1
2006446767	6	1
2006446767	16	1
2006446767	314	1
2006446768	6	1
2006446768	16	1
2006446768	314	1
2006446769	6	1
2006446769	16	1
2006446769	314	1
2006446770	6	1
2006446770	16	1
2006446770	314	1
2006446771	6	1
2006446771	16	1
2006446771	314	1
2006446772	6	1
2006446772	16	1
2006446772	314	1
2006446773	6	1
2006446773	16	1
2006446773	314	1
2006446774	6	1
2006446774	16	1
2006446774	314	1
2006446775	6	1
2006446775	16	1
2006446775	314	1
2006446776	6	1
2006446776	16	1
2006446776	314	1
2006446777	6	1
2006446777	16	1
2006446777	314	1
2006446778	6	1
2006446778	16	1
2006446778	314	1
2006446779	6	1
2006446779	16	1
2006446779	314	1
2006446780	6	1
2006446780	16	1
2006446780	314	1
2006447314	145	22891 22891 A
2006446782	6	1
2006446782	16	1
2006446782	314	1
2006447269	16	1
2006447269	6	1
2006446784	6	1
2006446784	16	1
2006446784	314	1
2006446785	6	1
2006446785	16	1
2006446785	314	1
2006446786	6	1
2006446786	16	1
2006446786	314	1
2006446787	6	1
2006446787	16	1
2006446787	314	1
2006446788	6	1
2006446788	16	1
2006446788	314	1
2006446789	6	1
2006446789	16	1
2006446789	314	1
2006446790	6	1
2006446790	16	1
2006446790	314	1
2006446791	6	1
2006446791	16	1
2006446791	314	1
2006446792	6	1
2006446792	16	1
2006446792	314	1
2006446793	6	1
2006446793	16	1
2006446793	314	1
2006446794	6	1
2006446794	16	1
2006446794	314	1
2006446795	6	1
2006446795	16	1
2006446795	314	1
2006446796	6	1
2006446796	16	1
2006446796	314	1
2006446797	6	1
2006446797	16	1
2006446797	314	1
2006446798	6	1
2006446798	16	1
2006446798	314	1
2006446799	6	1
2006446799	16	1
2006446799	314	1
2006446800	6	1
2006446800	16	1
2006446800	314	1
2006446801	6	1
2006446801	16	1
2006446801	314	1
2006446802	6	1
2006446802	16	1
2006446802	314	1
2006446803	6	1
2006446803	16	1
2006446803	314	1
2006446804	6	1
2006446804	16	1
2006446804	314	1
2006446805	6	1
2006446805	16	1
2006446805	314	1
2006446806	6	1
2006446806	16	1
2006446806	314	1
2006446807	6	1
2006446807	16	1
2006446807	314	1
2006446808	6	1
2006446808	16	1
2006446808	314	1
2006446809	6	1
2006446809	16	1
2006446809	314	1
2006446810	6	1
2006446810	16	1
2006446810	314	1
2006446811	6	1
2006446811	16	1
2006446811	314	1
2006446812	6	1
2006446812	16	1
2006446812	314	1
2006446813	6	1
2006446813	16	1
2006446813	314	1
2006446814	6	1
2006446814	16	1
2006446814	314	1
2006446815	6	1
2006446815	16	1
2006446815	314	1
2006446816	6	1
2006446816	16	1
2006446816	314	1
2006446817	6	1
2006446817	16	1
2006446817	314	1
2006446818	6	1
2006446818	16	1
2006446818	314	1
2006446819	6	1
2006446819	16	1
2006446819	314	1
2006446820	6	1
2006446820	16	1
2006446820	314	1
2006446821	6	1
2006446821	16	1
2006446821	314	1
2006446822	6	1
2006446822	16	1
2006446822	314	1
132436	447	41
1003662630	387	1
1003662630	410	1
1003662630	447	2
1003662630	370	2
2006369791	369	2
131599	447	1
131605	447	5
2006446980	368	1
131651	447	1
131785	369	1
131540	390	565
2006446984	369	1
132436	410	2
2006446982	368	2
2006446532	369	5
131739	370	4
131855	369	1
131857	369	1
131549	390	844
131825	447	3
2006447046	369	3
131829	410	1
131817	388	2
2006446532	387	1
131701	369	1
2006446984	447	1
1003662616	370	1
131665	447	1
131665	387	1
131651	370	1
2006446984	368	1
2006446532	447	16
2006369783	387	1
131541	413	8
2006447014	387	1
131663	447	2
131703	369	1
131663	388	1
132287	369	1
2006447018	388	1
2006447018	447	4
2006446532	410	1
131655	387	1
2006446540	447	1
131655	447	2
132436	370	95
131541	444	75
132295	369	8
131655	370	1
2006369783	447	2
2006446984	370	10
2006446532	370	3
131703	447	3
1003662610	369	12
2006369783	370	1
131560	10	35619738
131539	10	27033410
2006446823	6	1
2006446823	16	1
2006446823	314	1
2006446824	6	1
2006446824	16	1
2006446824	314	1
2006446825	6	1
2006446825	16	1
2006446825	314	1
2006446826	6	1
2006446826	16	1
2006446826	314	1
2006446827	6	1
2006446827	16	1
2006446827	314	1
2006446828	6	1
2006446828	16	1
2006446828	314	1
2006446829	6	1
2006446829	16	1
2006446829	314	1
2006446830	6	1
2006446830	16	1
2006446830	314	1
2006446831	6	1
2006446831	16	1
2006446831	314	1
2006446832	6	1
2006446832	16	1
2006446832	314	1
2006446833	6	1
2006446833	16	1
2006446833	314	1
2006446834	6	1
2006446834	16	1
2006446834	314	1
2006446835	6	1
2006446835	16	1
2006446835	314	1
2006446836	6	1
2006446836	16	1
2006446836	314	1
2006446837	6	1
2006446837	16	1
2006446837	314	1
2006446838	6	1
2006446838	16	1
2006446838	314	1
2006446839	6	1
2006446839	16	1
2006446839	314	1
2006446840	6	1
2006446840	16	1
2006446840	314	1
2006446841	6	1
2006446841	16	1
2006446841	314	1
2006446842	6	1
2006446842	16	1
2006446842	314	1
2006446843	6	1
2006446843	16	1
2006446843	314	1
2006446844	6	1
2006446844	16	1
2006446844	314	1
2006446845	6	1
2006446845	16	1
2006446845	314	1
2006446846	6	1
2006446846	16	1
2006446846	314	1
2006446847	6	1
2006446847	16	1
2006446847	314	1
131705	447	3
132436	388	13
2006446522	369	4
131659	447	12
131659	387	1
131653	447	1
2006292491	369	10
131783	447	3
132277	370	2
131749	447	5
131711	370	11
2006446522	447	2
131540	444	96
131540	413	12
2006139913	447	2
2006139913	387	2
2006139913	369	19
2006292491	370	6
2006292491	447	1
2006292491	387	1
2006447040	368	2
131635	369	5
2006369787	447	2
2006369787	369	7
2006216505	447	6
131807	387	1
1003662620	369	14
1003662620	387	4
131779	369	2
131542	389	219
131799	369	2
131751	369	6
132295	447	5
131635	370	16
131635	447	1
131559	10	37655738
2006446848	6	1
2006446848	16	1
2006446848	314	1
2006446849	6	1
2006446849	16	1
2006446849	314	1
2006446850	6	1
2006446850	16	1
2006446850	314	1
2006446851	6	1
2006446851	16	1
2006446851	314	1
2006446852	6	1
2006446852	16	1
2006446852	314	1
131779	387	1
131751	387	2
131542	67	739
1003662644	447	2
131789	387	2
131749	369	7
132289	447	2
131559	390	720
2006446522	370	3
2006447014	447	1
131555	408	38
131555	389	215
2006446522	388	1
131599	370	2
2006447014	370	2
131693	369	4
2006292495	369	14
2006216529	370	2
131727	369	1
131555	67	830
131803	370	3
2006292495	447	1
131737	387	1
131555	64	1050
2006292495	370	10
131803	388	2
2006139923	368	1
131615	369	1
2006446510	368	1
131547	390	600
131733	387	1
2006446516	370	4
2006139913	370	8
131615	447	2
2006446643	369	5
131753	369	5
131727	447	2
1003662610	387	1
131779	370	1
2006446528	370	67
1003662610	370	4
1003662610	447	4
131727	370	1
2006446996	447	3
131717	447	2
131589	369	2
131777	447	1
2006446512	369	6
131777	370	2
131555	390	830
2006446643	447	1
131555	413	14
2006447048	388	1
131857	447	2
131549	444	51
2006447046	447	1
2006216533	368	1
131723	369	3
2006446988	447	2
2006446988	369	1
131751	447	5
131551	389	287
131789	370	7
132271	369	7
1003662602	370	2
2006447000	369	3
131555	444	105
2006446986	369	1
2006446534	369	1
2006369801	369	19
131751	370	1
131589	447	2
131723	447	2
131849	388	6
131775	369	1
131751	388	1
131723	370	2
2006447000	388	2
2006447000	370	3
2006447022	368	5
1003662640	370	7
1003662640	447	1
1003662640	369	1
131775	447	2
2006446986	447	2
131542	390	954
132514	369	2
2006446643	410	1
2006216505	369	6
131552	389	211
2006447004	368	8
2006446512	447	1
2006446512	387	7
2006446980	447	1
2006446641	370	4
131725	447	7
2006446512	370	6
2006369799	369	1
131552	408	11
131775	388	1
131775	370	2
131801	369	2
131693	387	1
131683	369	2
2006446643	370	1
131683	447	6
131693	447	2
131677	369	2
131555	10	39228384
131542	10	41905687
2006446948	6	1
2006446948	16	1
2006446948	314	1
2006446949	6	1
2006446949	16	1
2006446949	314	1
2006446950	6	1
2006446950	16	1
2006446950	314	1
2006446951	6	1
2006446951	16	1
2006446951	314	1
2006446952	6	1
2006446952	16	1
2006446952	314	1
2006446953	6	1
2006446953	16	1
2006446953	314	1
2006446954	6	1
2006446954	16	1
2006446954	314	1
2006446955	6	1
2006446955	16	1
2006446955	314	1
2006446956	6	1
2006446956	16	1
2006446956	314	1
2006446957	6	1
2006446957	16	1
2006446957	314	1
2006446958	6	1
2006446958	16	1
2006446958	314	1
2006446959	6	1
2006446959	16	1
2006446959	314	1
2006446960	6	1
2006446960	16	1
2006446960	314	1
2006446961	6	1
2006446961	16	1
2006446961	314	1
2006446962	6	1
2006446962	16	1
2006446962	314	1
2006446963	6	1
2006446963	16	1
2006446963	314	1
2006446964	6	1
2006446964	16	1
2006446964	314	1
2006446965	6	1
2006446965	16	1
2006446965	314	1
2006446966	6	1
2006446966	16	1
2006446966	314	1
2006446967	6	1
2006446967	16	1
2006446967	314	1
2006446968	6	1
2006446968	16	1
2006446968	314	1
2006446969	6	1
2006446969	16	1
2006446969	314	1
2006446970	6	1
2006446970	16	1
2006446970	314	1
2006446971	6	1
2006446971	16	1
2006446971	314	1
2006446972	6	1
2006446972	16	1
2006446972	314	1
2006446973	6	1
2006446973	16	1
2006446973	314	1
2006446974	6	1
2006446974	16	1
2006446974	314	1
2006446975	6	1
2006446975	16	1
2006446975	314	1
2006446976	6	1
2006446976	16	1
2006446976	314	1
2006446977	6	1
2006446977	16	1
2006446977	314	1
2006446978	6	1
2006446978	16	1
2006446978	314	1
2006446979	6	1
2006446979	16	1
2006446979	314	1
131809	410	1
131801	387	1
131540	408	20
131769	369	1
131659	388	1
131547	413	14
131729	370	1
131735	370	2
1003662608	447	2
131545	444	176
131733	447	2
132277	369	2
2006369799	370	2
2006446980	370	1
2006446639	369	8
132297	369	22
131552	414	1
131552	67	758
131587	369	2
2006446518	447	3
2006369793	369	6
131542	408	21
131541	408	7
132291	369	1
131552	64	753
2006446544	368	1
131552	413	4
131552	390	794
131645	447	3
131645	387	1
2006216511	447	1
131552	444	104
2006447042	368	11
131731	369	1
2006139917	369	2
131551	444	134
131551	413	9
131551	390	863
131551	64	1080
131551	67	800
131551	408	40
2006446998	368	1
131649	447	2
131649	369	2
132281	370	9
132281	410	1
132281	447	6
2006446514	370	1
2006446514	447	1
2006446647	447	4
2006446528	388	4
2006369797	447	1
131587	447	1
2006139917	387	1
131767	369	15
1003662606	447	1
1003662606	387	2
1003662606	369	4
2006292493	447	4
2006292493	387	3
2006292493	369	5
131585	369	1
2006447008	368	2
132586	388	11
131713	369	4
2006369797	370	1
2006446996	368	3
131801	447	1
2006216513	447	2
2006446540	387	1
131549	67	506
2006447044	387	2
2006447044	369	3
132279	369	2
131831	370	1
1003662620	370	3
2006369807	370	14
131677	447	3
131677	370	4
131547	444	79
132279	387	3
2006216515	370	1
2006216515	369	5
132279	370	5
132279	447	3
2006216505	370	2
2006139917	388	1
1003662606	388	2
131753	447	1
131753	387	1
2006292493	370	6
1003662618	387	1
1003662612	370	2
1003662612	447	1
1003662612	387	1
1003662612	369	1
132271	370	1
132271	447	1
131719	369	3
131625	369	1
132432	370	2
132432	410	1
132432	447	2
132432	369	2
1003662614	370	1
1003662614	387	1
132718	370	2
132718	410	1
132718	447	2
132718	369	2
131609	369	2
131625	447	3
132805	369	2
131671	370	2
1003662618	388	1
131609	370	5
2006446639	387	1
131685	369	2
2006446988	368	2
131807	447	5
131719	387	1
131643	447	1
2006446528	409	1
131643	370	2
131767	447	1
2006446528	369	70
132586	409	3
131833	388	1
2006446635	370	2
131753	370	2
131685	447	5
131617	369	2
131609	388	1
2006369781	447	3
2006369781	369	1
131567	447	3
131567	387	3
131567	369	1
2006447012	368	10
2006446639	447	1
132283	369	1
132297	409	4
1003662632	369	7
132283	447	4
131767	370	10
131603	369	4
2006446635	447	1
1003662620	388	2
2006216521	369	1
131559	413	27
131821	447	1
131821	410	1
132291	447	1
2006447014	368	2
2006446986	368	2
131641	447	1
2006447044	368	4
131637	447	1
131801	370	4
131737	370	6
131713	370	5
131719	447	3
132514	410	1
131851	447	1
132307	388	1
131827	409	1
131833	369	2
131829	387	2
131809	370	10
2006446540	370	3
131546	389	214
131745	387	1
132438	447	3
132287	447	8
131623	370	2
2006369785	369	1
2006447010	369	3
131719	370	1
131551	10	46530255
131550	10	53244688
2006446980	6	1
2006446980	16	1
2006446980	312	2019-06-10 15:12:54
2006446982	6	1
2006446982	16	1
2006446982	312	2019-06-10 15:12:54
2006446984	6	1
2006446984	16	1
2006446984	313	2019-06-10 15:12:54
2006446986	6	1
2006446986	16	1
2006446986	312	2019-06-10 15:12:54
2006446988	6	1
2006446988	16	1
2006446988	312	2019-06-10 15:12:54
2006446990	6	1
2006446990	16	1
2006446990	312	2019-06-10 15:12:54
2006446992	6	1
2006446992	16	1
2006446992	312	2019-06-10 15:12:54
2006446994	6	1
2006446994	16	1
2006446994	312	2019-06-10 15:12:54
2006446996	6	1
2006446996	16	1
2006446996	312	2019-06-10 15:12:54
2006446998	6	1
2006446998	16	1
2006446998	312	2019-06-10 15:12:54
2006447000	6	1
2006447000	16	1
2006447000	312	2019-06-10 15:12:54
2006447002	6	1
2006447002	16	1
2006447002	312	2019-06-10 15:12:54
2006447004	6	1
2006447004	16	1
2006447004	312	2019-06-10 15:12:54
2006447006	6	1
2006447006	16	1
2006447006	312	2019-06-10 15:12:54
2006447008	6	1
2006447008	16	1
2006447008	312	2019-06-10 15:12:54
2006447010	6	1
2006447010	16	1
2006447010	312	2019-06-10 15:12:54
2006447012	6	1
2006447012	16	1
2006447012	312	2019-06-10 15:12:54
2006447014	6	1
2006447014	16	1
2006447014	312	2019-06-10 15:12:54
2006447016	6	1
2006447016	16	1
2006447016	312	2019-06-10 15:12:54
2006447018	6	1
2006447018	16	1
2006447018	312	2019-06-10 15:12:54
2006447020	6	1
2006447020	16	1
2006447020	312	2019-06-10 15:12:54
2006447022	6	1
2006447022	16	1
2006447022	312	2019-06-10 15:12:54
2006447024	6	1
2006447024	16	1
2006447024	312	2019-06-10 15:12:54
2006447026	6	1
2006447026	16	1
2006447026	312	2019-06-10 15:12:54
2006447028	6	1
2006447028	16	1
2006447028	312	2019-06-10 15:12:54
2006447030	6	1
2006447030	16	1
2006447030	312	2019-06-10 15:12:54
2006447032	6	1
2006447032	16	1
2006447032	312	2019-06-10 15:12:54
2006447034	6	1
2006447034	16	1
2006447034	312	2019-06-10 15:12:54
2006447036	6	1
2006447036	16	1
2006447036	313	2019-06-10 15:12:54
2006447038	6	1
2006447038	16	1
2006447038	312	2019-06-10 15:12:54
2006447040	6	1
2006447040	16	1
2006447040	312	2019-06-10 15:12:54
2006447042	6	1
2006447042	16	1
2006447042	312	2019-06-10 15:12:54
2006447044	6	1
2006447044	16	1
2006447044	312	2019-06-10 15:12:54
2006447046	6	1
2006447046	16	1
2006447046	312	2019-06-10 15:12:54
2006447048	6	1
2006447048	16	1
2006447048	312	2019-06-10 15:12:54
2006447050	6	1
2006447050	16	1
2006447050	312	2019-06-10 15:12:54
2006447052	6	1
2006447052	16	1
2006447052	312	2019-06-10 15:12:54
2006447054	6	1
2006447054	16	1
2006447054	312	2019-06-10 15:12:54
2006447056	6	1
2006447056	16	1
2006447056	312	2019-06-10 15:12:54
2006447058	6	1
2006447058	16	1
2006447058	312	2019-06-10 15:12:54
2006447060	6	1
2006447060	16	1
2006447060	312	2019-06-10 15:12:54
2006447062	6	1
2006447062	16	1
2006447062	312	2019-06-10 15:12:54
2006447064	6	1
2006447064	16	1
2006447064	312	2019-06-10 15:12:54
2006447066	6	1
2006447066	16	1
2006447066	312	2019-06-10 15:12:54
2006447068	6	1
2006447068	16	1
2006447068	312	2019-06-10 15:12:54
2006447070	6	1
2006447070	16	1
2006447070	312	2019-06-10 15:12:54
2006447149	6	1
2006447149	16	1
2006447149	314	1
2006447150	6	1
2006447150	16	1
2006447150	314	1
2006447151	6	1
2006447151	16	1
2006447151	314	1
2006447152	6	1
2006447152	16	1
2006447152	314	1
2006447153	6	1
2006447153	16	1
2006447153	314	1
2006447154	6	1
2006447154	16	1
2006447154	314	1
2006447155	6	1
2006447155	16	1
2006447155	314	1
2006447156	6	1
2006447156	16	1
2006447156	314	1
2006447157	6	1
2006447157	16	1
2006447157	314	1
2006447158	6	1
2006447158	16	1
2006447158	314	1
2006447159	6	1
2006447159	16	1
2006447159	314	1
2006447160	6	1
2006447160	16	1
2006447160	314	1
2006447161	6	1
2006447161	16	1
2006447161	314	1
2006447162	6	1
2006447162	16	1
2006447162	314	1
2006447163	6	1
2006447163	16	1
2006447163	314	1
2006447164	6	1
2006447164	16	1
2006447164	314	1
2006447165	6	1
2006447165	16	1
2006447165	314	1
2006447166	6	1
2006447166	16	1
2006447166	314	1
2006447167	6	1
2006447167	16	1
2006447167	314	1
2006447168	6	1
2006447168	16	1
2006447168	314	1
2006447169	6	1
2006447169	16	1
2006447169	314	1
2006447170	6	1
2006447170	16	1
2006447170	314	1
2006447171	6	1
2006447171	16	1
2006447171	314	1
2006447172	6	1
2006447172	16	1
2006447172	314	1
2006447271	16	1
131745	369	1
131709	369	3
132287	370	1
132514	370	2
1003662632	387	1
131617	447	1
2006446637	369	1
2006369785	447	3
1003662632	447	5
2006369785	370	1
131821	370	10
2006446639	370	3
131629	369	1
2006446625	447	1
2006447046	368	1
132297	447	3
2006446639	388	2
131679	447	2
2006447016	369	2
131709	447	13
2006216505	388	1
131759	369	4
131679	370	2
131545	389	346
131847	370	3
131831	369	2
131827	447	3
2006216539	447	2
131829	388	5
132301	369	19
131629	447	2
2006447034	370	1
2006446528	387	20
132281	369	8
131807	370	89
131759	447	1
2006446510	447	1
2006446637	370	1
2006446625	370	2
1003662632	370	2
2006216519	369	2
2006447016	387	1
131715	387	1
2006216509	409	1
2006216509	369	3
2006216509	447	1
2006216519	447	2
2006216519	387	1
1003662632	388	2
131725	388	1
131659	369	16
2006447048	368	3
131759	370	6
2006216519	370	1
2006447010	447	2
131611	447	1
131556	389	232
132514	447	3
131847	447	1
131549	389	165
131549	64	859
131833	387	1
2006369801	447	1
2006446536	369	1
2006446645	369	2
131711	369	9
2006446998	370	2
2006447010	370	5
2006216509	370	10
131621	447	2
132273	369	3
132273	447	1
2006446645	387	1
131613	370	7
2006446631	387	2
132301	387	8
131741	370	4
2006292493	388	6
2006446538	369	36
132297	370	7
131745	447	3
132516	370	98
2006446538	409	5
2006447012	447	5
131707	369	1
2006447004	447	8
131607	370	1
131669	369	81
131675	370	4
131675	447	1
131673	447	1
131669	387	10
132301	447	1
2006216527	369	3
2006216521	370	1
131669	409	1
131669	447	24
131629	370	1
131715	447	3
131669	370	60
131631	447	1
2006216527	387	1
2006369809	447	1
132307	447	4
2006446542	370	2
131823	447	3
132299	388	1
131731	370	1
131731	447	1
131707	447	5
131583	447	3
131669	388	5
2006369807	387	1
131835	447	7
2006446649	370	2
131823	370	1
131829	409	1
132434	387	1
132586	447	35
131715	370	1
132586	410	1
2006447068	369	7
2006446998	369	5
132720	388	10
2006447068	447	1
132516	369	132
2006446510	370	1
131577	387	1
131577	369	3
131573	369	2
1003662638	369	2
2006216527	447	1
2006447068	370	6
132516	387	15
132321	369	1
131573	447	2
1003662638	447	1
2006447016	447	5
132321	447	2
131577	447	4
132321	370	2
132516	409	3
132516	447	38
131539	389	252
131573	370	1
2006216527	370	3
132434	447	4
2006446645	447	1
2006446631	447	1
131556	408	41
132434	370	1
2006446536	387	1
131743	447	2
131691	369	2
131545	413	21
132283	370	2
131639	369	3
2006447016	370	1
2006446629	369	2
132277	447	2
132273	370	3
2006292497	369	13
132275	447	4
132301	370	33
2006446528	447	45
131695	369	83
131542	64	885
2006447052	368	17
131803	369	23
131539	408	14
131561	369	7
131539	67	891
2006369781	370	3
131711	447	1
131539	64	852
131542	413	6
2006447022	369	5
2006216527	388	1
1003662598	369	1
2006447022	387	1
131544	389	182
1003662598	387	3
131539	390	313
2006139915	369	21
131539	413	4
1003662598	370	3
2006447022	447	4
131544	408	15
1003662598	388	2
2006447022	370	1
131544	67	601
131550	389	482
131539	444	100
131561	447	6
131855	447	1
131849	369	14
131549	413	28
2006216539	370	1
131809	369	3
131805	369	2
131931	369	1
131550	408	48
2006447024	369	3
131544	414	1
131550	67	1294
2006447024	447	8
131544	64	732
131931	447	3
131550	64	2057
131550	390	1418
131931	370	2
131550	413	14
131931	388	1
131571	369	6
131933	369	1
131550	444	192
2006447024	370	2
131544	390	700
1003662600	369	1
2006446524	369	10
131571	370	4
2006446524	387	2
1003662600	447	3
2006292501	369	1
131544	413	21
2006446524	447	1
2006139915	370	20
2006446524	370	10
132516	410	2
2006292501	447	1
131544	444	89
132275	370	1
131689	369	4
1003662600	370	2
2006446508	369	4
131689	447	1
2006446508	447	2
131689	370	3
132277	410	1
1003662624	369	2
131697	369	1
2006446627	369	3
1003662624	447	4
131691	370	4
131545	390	1245
131697	387	1
131545	408	29
131697	447	1
2006446629	387	1
131697	370	1
132650	369	2
131697	388	1
132650	410	1
132650	447	2
131849	370	11
131827	369	9
2006216539	369	2
2006216537	447	2
2006447032	369	2
131556	67	839
131805	447	1
2006139923	447	1
132720	369	134
2006447058	368	1
131817	369	2
2006447040	447	1
131737	369	2
131725	369	15
131542	444	119
131556	64	1317
2006446629	447	1
132440	369	3
131556	390	802
2006292497	447	1
131556	413	13
131623	369	2
132440	387	1
131545	67	1079
2006216525	447	1
132586	370	77
131743	369	3
2006292497	370	9
2006446994	369	2
131803	387	1
131556	444	97
131559	389	203
2006446994	370	6
2006447048	370	1
131835	387	1
2006446649	447	4
131823	388	1
131829	369	23
131803	409	1
2006446645	370	2
131607	447	4
132720	387	14
131747	369	12
131627	387	2
131747	447	4
131545	414	1
132440	447	1
131623	447	3
2006292499	369	3
132720	409	3
132301	388	13
2006292499	447	1
2006447004	369	2
131627	447	1
2006447054	368	8
2006447040	369	47
131743	387	1
131545	64	1303
2006447012	369	6
131559	408	34
131627	370	7
132720	447	39
2006447012	387	3
131623	410	1
2006369807	369	8
131835	369	3
2006446542	369	4
131823	369	2
132299	370	7
132299	369	2
131813	388	1
131813	370	6
131813	369	3
131811	388	2
131811	370	8
131811	369	1
2006447042	370	2
2006447042	447	9
2006447042	387	2
2006447042	369	6
131558	444	93
131558	413	15
131558	390	688
131558	64	613
131558	67	527
131558	408	30
131558	389	250
2006447038	370	2
2006447038	369	1
2006139925	388	6
2006139925	370	12
2006139925	447	8
2006139925	387	3
2006139925	369	9
2006447268	314	1
2006447268	16	1
2006447268	6	1
2006447271	314	1
2006447314	145	26710 26710 T
2006447314	145	27586 27586 A
2006447314	145	27620 27620 T
2006447314	145	28809 28809 C
2006447314	145	29287 29287 A
2006447314	145	29497 29497 C
2006447317	6	1
2006447317	16	1
2006447317	314	1
2006447317	145	5039 5040 GC
2006447319	6	1
2006447319	16	1
2006447319	314	1
2006447323	6	1
2006447323	16	1
2006447323	314	1
2006447325	6	1
2006447325	16	1
2006447325	314	1
2006447325	145	3894 3895 AT
2006447325	145	6720 6720 A
2006447325	145	10813 10813 A
2006447325	145	12431 12431 A
2006447325	145	13761 13761 T
2006447325	145	15400 15400 T
2006447325	145	18666 18666 T
2006447325	145	22702 22702 A
2006447325	145	25015 25015 A
2006447325	145	25406 25406 A
2006447325	145	28869 28869 C
2006447325	145	29578 29578 G
2006447325	145	33160 33160 C
2006447325	145	35476 35476 C
2006447325	145	45494 45494 C
2006447325	145	47073 47073 C
2006447325	145	49624 49624 G
2006447325	145	49867 49867 C
2006447325	145	50110 50110 G
2006447325	145	50385 50385 G
2006447048	447	2
2006447048	409	2
2006447048	369	13
132303	447	4
132303	369	1
131853	370	1
131853	447	1
132305	388	1
132305	369	3
131843	370	2
131843	447	2
131843	369	22
131554	444	99
131554	413	27
131554	390	876
131554	64	1186
131554	67	545
131554	408	48
131554	389	254
2006369805	410	2
2006369805	447	4
2006369805	409	2
2006369805	369	15
131839	388	1
131839	447	1
131839	369	8
131859	447	1
131859	369	3
131845	370	2
131845	369	6
132309	370	3
132309	369	6
2006369803	370	2
2006369803	447	4
2006369803	369	3
2006447050	369	3
131837	388	1
131837	370	1
131837	447	1
131837	369	5
132311	388	4
132311	370	11
132311	410	1
132311	447	15
132311	369	11
131841	388	4
131841	370	15
131841	447	28
131841	409	1
131841	387	5
131841	369	52
131867	447	3
131867	369	1
2006446653	447	2
131871	388	1
131871	447	1
131863	370	3
131863	447	2
131863	369	1
131865	370	1
2006446544	370	1
2006446544	447	1
131875	447	5
131875	369	1
2006216541	370	1
2006216541	369	1
131873	447	1
131873	369	2
2006216543	447	2
2006216543	387	1
2006216543	369	1
132315	447	1
132315	369	2
132313	388	1
132313	447	1
131548	444	41
131548	413	3
131548	390	523
131548	64	268
131548	67	261
131548	408	7
131548	389	101
2006446655	447	6
131895	447	3
131901	447	1
131901	409	1
131901	369	5
131899	447	2
131899	369	1
131538	444	68
131538	413	5
131538	390	445
131538	64	546
131538	67	264
131538	408	25
131538	389	125
131897	369	2
2006369817	370	5
2006369817	369	12
132827	370	5
132827	387	1
132827	369	12
132878	370	2
132878	387	1
132878	369	14
2006369831	370	5
2006369831	369	10
132896	370	4
132896	387	1
132896	369	10
132857	370	4
132857	369	9
132839	370	3
132839	369	8
132518	369	21
132890	370	5
132890	387	1
132890	369	9
2006369819	370	4
2006369819	410	1
2006369819	447	1
2006369819	387	1
2006369819	369	10
132842	370	3
132842	387	1
132842	369	9
1003662648	370	2
1003662648	410	1
1003662648	447	3
1003662648	387	1
1003662648	369	8
132851	370	3
132851	387	1
132851	369	10
132902	370	2
132902	369	10
132863	370	3
132863	387	1
132863	369	9
131883	370	6
131883	447	1
131883	369	2
131891	370	7
131891	447	4
131891	369	3
131885	370	7
131885	447	2
131885	369	2
132813	370	19
132813	410	2
132813	447	11
132813	387	2
132813	369	43
132588	387	1
132588	369	19
131887	370	1
131887	369	2
131881	370	4
131881	447	3
131881	369	3
132442	370	1
132442	369	21
131879	369	1
131877	369	6
131889	447	1
131889	369	2
132869	370	5
132869	369	5
2006447052	388	2
2006447052	370	1
2006447052	447	9
2006447052	387	6
2006447052	369	16
132887	370	2
132887	387	1
132887	369	9
132836	370	5
132836	387	1
132836	369	7
2006216545	447	8
2006216545	409	2
2006216545	387	1
2006216545	369	17
2006369829	370	5
2006369829	410	1
2006369829	447	1
2006369829	369	7
2006369815	370	5
2006369815	410	1
2006369815	447	1
2006369815	369	7
132872	370	6
132872	387	1
132872	369	6
132848	370	2
132848	387	1
132848	369	7
2006369813	370	5
2006369813	410	1
2006369813	447	1
2006369813	369	7
2006369821	370	5
2006369821	410	1
2006369821	447	1
2006369821	369	7
132866	370	2
132866	387	1
132866	369	9
131537	444	61
131537	413	24
131537	390	664
131537	64	1473
131537	67	527
131537	408	89
131537	389	193
132854	370	5
132854	387	1
132854	369	7
2006369825	370	5
2006369825	410	1
2006369825	447	1
2006369825	369	7
2006369835	370	5
2006369835	410	1
2006369835	447	1
2006369835	387	1
2006369835	369	7
132830	370	5
132830	369	7
132860	370	5
132860	387	1
132860	369	7
132881	370	2
132881	387	1
132881	369	9
132899	370	5
132899	387	1
132899	369	7
2006369811	370	4
2006369811	410	1
2006369811	447	1
2006369811	369	7
132875	370	2
132875	387	1
132875	369	9
132893	370	5
132893	387	1
132893	369	7
2006369823	370	5
2006369823	410	1
2006369823	447	1
2006369823	387	1
2006369823	369	6
132884	370	1
132884	387	1
132884	369	10
2006369837	370	3
2006369837	410	1
2006369837	447	1
2006369837	369	5
132833	370	4
132833	387	1
132833	369	7
132845	370	1
132845	369	8
2006369839	447	1
2006369839	387	1
2006369839	369	8
132654	370	1
132654	387	1
132654	369	21
131893	370	7
131893	447	1
131893	387	1
131893	369	36
132722	370	7
132722	447	1
132722	387	2
132722	369	40
2006369827	370	4
2006369827	387	1
2006369827	369	4
2006369833	370	4
2006369833	387	1
2006369833	369	3
132807	370	5
132807	387	1
132807	369	29
132317	370	1
132317	387	1
132317	369	29
1003662654	370	1
131553	444	8
131553	413	3
131553	390	77
131553	64	66
131553	67	394
131553	389	22
2006446548	370	6
2006446548	447	2
2006446546	370	1
2006447058	370	5
2006447058	387	1
2006447058	369	1
131921	388	1
131921	370	10
131921	447	6
131921	409	1
131921	369	17
2006216549	370	3
2006216549	447	2
2006216549	369	3
131919	370	4
131919	447	3
1003662652	370	2
1003662652	447	2
1003662652	369	2
2006292503	370	2
2006292503	447	2
2006292503	369	3
132319	370	2
132319	447	3
132319	369	4
131917	370	11
131917	447	1
131917	369	12
131923	370	1
131923	447	1
131923	369	2
131925	447	2
131925	369	2
2006292505	388	1
2006292505	370	2
2006292505	447	2
2006292505	387	1
2006292505	369	2
131557	444	62
131557	413	12
131557	390	392
131557	64	494
131557	67	343
131557	408	18
131557	389	87
132444	370	2
132444	447	4
132444	369	5
2006447056	370	1
2006447056	369	1
2006216547	370	2
2006216547	447	2
2006216547	369	2
131929	370	2
131929	447	2
131929	369	4
1003662650	370	2
1003662650	447	3
1003662650	369	3
131927	370	1
131927	447	2
131927	369	1
2006447054	388	2
2006447054	370	1
2006447054	447	2
2006447054	387	4
2006447054	369	2
131913	370	1
131913	447	1
131913	369	4
131909	370	2
131909	447	2
131909	387	1
131911	447	1
131911	369	2
131907	447	3
131907	369	1
131905	370	2
131915	447	2
131915	369	3
131543	444	24
131543	413	3
131543	390	332
131543	64	233
131543	67	188
131543	408	5
131543	389	69
132907	64	13
132907	389	24
131213	64	6
131213	67	2
131225	64	4
131225	67	2
131225	389	2
131138	389	2
131202	389	1
131215	64	1
131226	64	2
131191	444	1
131191	64	1
131114	444	1
131114	64	2
131214	444	2
131214	389	2
131127	64	1
131148	389	1
131071	389	1
131196	64	3
131196	67	1
131098	64	1
131098	389	1
131080	444	2
131080	389	2
131173	64	1
131220	64	1
131220	67	1
131126	389	1
131216	444	3
131216	64	1
131198	64	2
131218	64	1
131211	64	2
131211	389	2
131557	10	9293393
131543	10	8900327
132907	10	3638
